0 1 33 2 8
18 25 0 7 6
27 9 4 0 0
7 4 5 0 22
7 13 17 4 2
3 18 11 13 1
16 4 4 17 1
17 0 17 3 4
2 1 0 20 6
2 0 3 4 0
3 2 0 24 11
6 3 0 3 25
15 5 18 1 5
12 10 8 2 16
12 5 4 8 9
10 22 4 0 1
4 10 1 3 9
7 5 0 20 5
4 5 45 2 0
2 1 1 4 22
4 1 5 25 0
22 5 9 1 7
3 7 0 0 6
4 13 18 4 11
8 19 3 5 9
1 1 13 14 0
3 17 13 15 2
0 12 6 12 3
1 1 9 32 28
4 10 2 5 17
2 3 0 31 1
25 8 2 2 1
8 7 42 15 0
29 0 3 32 1
2 24 7 1 5
2 3 2 7 1
2 9 1 2 0
8 7 21 12 5
17 4 19 8 20
23 3 26 5 0
13 16 10 3 0
17 8 3 15 1
20 17 27 40 12
12 28 8 2 6
13 5 1 11 22
1 9 17 4 17
48 7 11 3 15
3 9 3 6 36
12 25 29 0 31
5 0 2 12 19
4 5 17 1 7
17 14 12 8 3
7 25 10 7 2
32 2 0 1 12
0 4 2 2 10
12 2 0 1 27
10 22 4 6 10
4 1 5 7 8
4 1 0 10 1
19 3 1 2 7
1 2 3 1 4
4 12 7 2 12
10 5 3 8 38
10 2 2 25 9
13 7 8 3 6
8 14 6 11 16
3 8 2 0 3
16 4 29 7 3
2 2 8 1 3
2 7 3 3 7
22 4 0 5 3
4 4 6 12 15
1 6 1 8 4
5 6 0 2 1
3 0 0 10 5
2 3 2 1 0
3 1 7 3 31
10 10 8 27 3
1 9 3 7 17
22 21 0 20 3
27 4 6 20 0
2 1 10 4 0
1 0 9 1 31
9 1 17 16 16
2 3 0 1 11
3 9 0 0 18
0 19 9 11 13
4 17 0 2 13
0 15 16 14 11
6 9 4 18 4
1 24 1 3 0
22 66 11 0 6
2 6 8 3 3
24 3 6 4 13
4 0 4 13 5
9 8 5 5 1
0 0 20 4 1
16 3 1 4 1
14 13 2 5 5
13 2 12 2 2
4 24 0 31 16
3 9 3 27 4
2 0 7 10 1
0 7 6 0 6
8 20 7 32 9
3 42 3 8 5
16 7 4 14 2
3 2 2 6 4
60 1 2 40 17
8 2 10 3 1
20 1 11 4 6
3 8 13 3 2
2 18 7 1 1
1 9 11 22 2
3 17 8 1 4
9 46 15 7 2
1 16 4 1 39
0 3 0 8 23
4 10 6 32 4
6 9 3 24 0
8 2 7 1 5
7 0 5 1 3
5 7 13 0 7
5 3 3 58 64
7 5 29 0 12
1 20 1 11 10
5 4 12 34 20
2 3 0 0 4
2 0 6 1 13
6 14 4 1 9
2 0 3 33 2
7 15 14 4 2
8 0 9 3 1
8 3 2 1 0
25 10 16 12 5
25 3 2 2 25
13 4 22 0 9
15 16 0 9 5
24 0 8 2 9
5 1 2 8 0
15 11 9 28 10
1 5 19 11 4
13 26 1 3 0
0 17 1 10 26
26 4 7 22 0
19 7 1 5 0
0 19 1 24 19
8 9 5 17 40
12 14 0 6 0
22 4 2 3 13
4 15 20 6 6
9 2 5 14 12
6 7 11 12 7
22 6 8 1 1
25 4 4 1 0
13 0 3 3 6
25 5 12 3 1
3 22 8 10 2
9 4 1 12 5
3 20 0 10 10
23 11 6 2 4
19 0 13 5 1
2 9 5 0 1
1 1 17 13 2
9 8 16 6 3
23 2 8 9 26
22 34 14 5 35
1 27 12 4 8
4 14 0 21 1
0 12 3 7 8
15 2 3 1 1
4 13 17 3 14
0 7 0 1 4
2 5 21 20 3
12 8 2 7 0
0 5 1 16 2
14 7 11 2 13
2 29 6 26 3
3 20 17 16 9
7 10 0 7 1
2 11 3 11 14
7 16 4 3 10
20 2 30 0 1
3 5 4 0 12
10 6 4 6 3
13 0 1 14 4
30 15 4 1 3
55 42 42 1 5
0 3 24 0 3
6 11 6 28 1
4 14 3 13 9
23 1 16 10 29
6 0 2 7 3
19 1 19 26 6
16 4 8 13 5
2 6 11 8 6
1 1 10 6 21
2 5 0 4 1
33 7 9 3 1
17 9 4 15 0
15 1 17 14 0
3 34 17 38 1
26 2 7 6 7
26 3 8 7 10
10 22 1 21 8
1 22 23 8 60
12 4 12 13 18
6 9 9 3 6
8 21 1 2 31
5 3 3 9 1
6 7 1 7 14
45 13 7 0 11
8 12 14 2 10
9 12 40 0 5
9 19 4 6 16
38 2 34 0 11
29 5 10 22 11
3 2 21 8 17
53 0 22 34 0
13 12 9 17 3
2 10 15 12 5
11 4 6 1 16
22 37 13 12 2
2 0 4 8 6
0 24 0 15 0
13 19 16 29 4
17 2 5 4 1
33 0 21 12 0
8 0 38 8 14
6 6 26 3 20
5 0 7 26 19
25 6 26 3 10
6 0 0 8 11
2 10 7 36 3
0 1 13 1 18
7 13 2 4 6
14 7 0 1 3
15 1 1 1 33
5 10 3 11 6
0 4 11 5 29
0 1 11 3 6
1 2 13 17 9
5 4 1 9 26
3 10 7 1 5
9 20 2 2 28
3 2 12 48 12
10 0 2 3 39
1 20 11 13 1
6 5 3 3 8
3 9 0 0 3
5 6 5 1 11
8 1 0 7 1
10 11 0 0 1
12 9 3 0 8
6 15 0 8 0
3 6 2 0 0
0 11 2 1 0
13 18 17 14 9
10 5 0 3 5
2 0 18 2 10
18 1 6 4 15
3 1 7 5 16
5 6 2 15 28
4 3 17 6 8
18 3 2 16 34
6 9 3 0 13
9 12 2 12 2
28 19 29 10 8
8 29 9 0 21
17 1 21 24 6
0 2 2 0 48
13 10 2 8 1
8 24 1 4 6
0 0 6 0 14
5 13 3 5 2
0 13 3 18 4
6 1 2 8 2
6 4 1 3 3
2 9 0 18 1
2 5 1 7 8
3 9 21 3 2
3 0 7 0 17
19 3 34 11 2
8 36 8 14 4
1 3 10 0 5
0 5 13 16 30
25 43 6 3 17
2 2 9 8 15
7 10 21 0 6
7 53 0 0 18
7 7 12 15 3
1 0 42 16 1
6 12 1 2 7
5 0 10 2 3
26 12 0 5 2
31 3 20 1 0
5 2 2 5 15
5 0 9 0 9
2 6 12 8 23
35 19 31 1 4
9 10 7 13 2
1 11 0 3 1
24 2 0 27 0
3 5 3 32 3
49 33 7 14 1
2 10 0 0 6
0 18 11 2 8
3 37 18 19 1
4 43 18 10 1
10 29 9 10 1
10 1 10 4 9
5 15 40 2 3
14 1 3 38 4
6 6 1 1 0
4 14 1 20 0
2 16 15 1 4
9 2 56 2 2
10 4 15 25 19
5 8 2 3 3
5 24 1 4 19
2 16 5 2 0
2 7 5 3 8
1 10 6 4 2
1 20 13 12 0
12 0 4 2 10
3 1 48 3 0
5 1 5 3 2
5 3 15 6 0
2 2 11 21 9
0 6 1 9 3
5 9 27 33 11
29 9 26 13 6
0 2 19 3 2
3 2 2 5 9
14 0 1 2 7
10 3 5 3 3
4 3 42 15 7
1 1 8 0 0
0 7 2 75 12
6 12 13 9 0
3 20 2 7 14
4 6 2 26 15
2 17 18 4 4
8 7 0 24 1
0 1 5 3 8
0 44 7 23 3
3 3 3 2 3
12 4 5 6 10
17 8 22 1 4
9 0 9 7 20
0 6 12 4 1
2 11 0 8 1
17 3 12 18 7
2 5 0 4 27
22 17 6 2 12
5 22 0 13 13
2 9 2 1 17
9 12 18 0 37
6 5 4 8 2
18 5 6 14 32
0 3 10 33 8
1 8 1 0 11
5 7 13 13 0
4 7 0 1 21
15 4 19 1 8
2 6 2 3 14
25 8 5 0 2
27 4 31 16 4
19 3 0 4 13
6 4 1 5 8
41 7 2 7 14
8 18 9 6 4
3 0 2 14 0
3 6 5 25 38
52 6 6 4 0
16 15 26 2 3
38 18 16 2 2
13 1 3 7 10
4 27 22 5 12
2 6 8 1 28
30 1 10 28 25
0 2 20 13 5
9 3 11 7 11
7 34 17 2 15
14 4 12 17 19
3 12 9 11 5
27 2 5 4 1
2 22 4 16 8
17 12 3 1 2
2 15 5 4 5
5 25 17 4 7
11 1 24 9 14
0 0 25 10 1
23 2 5 29 29
1 37 1 1 18
11 6 4 8 0
9 19 10 0 8
5 4 9 5 4
4 8 14 5 3
8 8 14 7 1
2 14 6 17 22
1 12 2 0 7
6 8 11 1 18
0 11 11 48 2
20 5 7 7 7
6 2 28 1 0
8 38 7 7 11
6 9 1 1 13
1 17 26 1 0
2 38 9 3 12
0 7 4 2 3
19 12 5 33 9
12 5 2 9 3
24 29 2 20 21
6 4 15 8 0
1 20 8 10 3
21 0 21 4 34
15 6 15 1 2
1 1 2 11 0
4 3 1 10 0
39 18 0 5 1
1 2 4 20 11
13 3 5 12 10
18 9 34 1 0
36 10 23 6 15
1 9 0 23 17
8 22 4 3 19
2 3 14 3 1
9 4 2 15 3
45 4 0 12 8
0 1 20 8 17
1 3 7 48 8
2 4 2 10 4
0 8 0 1 4
9 0 8 1 5
13 1 11 6 14
17 3 11 2 29
18 15 42 15 7
3 0 3 2 5
3 14 7 10 10
10 21 43 9 2
9 4 6 6 0
8 0 8 8 0
0 13 1 2 11
13 13 30 4 0
2 4 13 11 33
9 0 4 5 0
7 5 8 13 25
10 2 18 39 1
3 6 10 1 38
0 26 4 8 5
23 1 8 29 10
1 12 6 6 15
1 6 17 5 4
5 6 0 8 6
0 0 24 3 3
3 0 33 5 9
10 1 6 0 18
3 23 4 2 28
0 3 17 0 6
5 4 1 13 14
38 3 0 0 17
2 4 7 0 0
5 7 8 13 9
1 6 23 4 10
15 5 2 13 2
3 15 2 0 3
10 1 6 22 4
4 21 11 4 5
19 1 48 6 1
0 1 2 9 2
10 5 2 8 7
13 0 0 8 20
2 1 3 1 2
12 7 0 3 1
3 7 7 2 2
2 3 1 1 6
8 16 22 1 9
1 0 22 6 14
11 0 1 4 44
6 1 10 20 3
11 12 0 11 2
1 0 1 14 2
3 4 4 5 13
23 1 2 2 15
20 5 5 8 28
13 1 19 16 6
0 8 6 13 2
4 3 3 3 10
0 10 8 8 3
8 21 2 0 5
3 6 8 10 10
1 15 6 9 3
5 5 0 1 3
0 5 11 19 3
14 2 1 4 19
9 23 13 5 3
9 24 3 3 14
0 19 16 1 3
8 4 8 8 3
9 0 4 35 1
6 11 15 8 13
22 1 4 5 12
2 14 5 7 23
6 33 1 11 8
8 16 1 5 5
18 2 12 1 10
11 28 0 0 14
5 2 0 1 23
6 3 22 8 16
4 15 6 6 3
15 1 0 9 39
6 2 7 3 0
0 5 11 8 15
10 25 4 9 1
6 8 6 6 4
0 5 2 0 11
11 0 5 29 12
8 2 5 3 0
1 11 0 35 2
1 5 0 0 6
14 8 25 10 20
6 5 0 3 0
3 6 8 2 5
13 12 8 33 2
6 9 4 2 1
6 10 1 6 15
13 11 5 0 10
34 7 29 6 15
3 8 13 16 2
29 10 8 4 2
0 1 6 3 15
26 2 1 25 1
9 19 14 0 8
13 7 7 21 2
4 3 0 10 8
0 7 6 4 5
4 9 2 1 22
3 3 21 3 1
36 5 26 5 4
9 7 2 27 8
2 1 12 1 20
20 10 5 4 54
2 7 29 16 30
14 0 1 24 12
14 0 0 10 2
5 8 5 5 5
0 6 4 10 10
0 3 6 2 14
20 3 4 2 1
2 21 18 5 8
0 5 8 10 1
2 7 2 2 29
0 17 3 3 1
1 25 2 24 3
9 5 12 6 9
24 24 0 3 9
12 9 1 2 4
5 0 12 1 6
8 3 0 1 7
2 9 3 20 4
15 2 0 5 4
8 4 12 28 1
18 33 1 28 4
2 3 3 3 6
4 6 0 2 13
20 4 14 20 4
2 31 3 0 15
6 3 7 8 4
4 5 26 4 1
23 36 3 3 16
4 6 12 9 10
1 31 14 8 0
23 2 10 3 5
8 28 0 6 12
0 31 9 4 42
1 19 2 10 1
2 2 5 0 4
30 24 3 7 22
15 21 31 12 12
0 2 12 10 1
42 10 3 7 0
50 12 3 8 13
3 2 3 10 2
20 4 1 3 6
12 4 4 6 6
9 5 3 15 11
2 5 3 17 22
6 8 1 2 21
3 15 14 2 3
9 2 6 1 2
0 3 10 20 12
7 5 5 13 16
3 12 6 1 10
0 1 8 2 11
0 8 2 7 37
4 8 5 17 0
0 7 12 0 3
6 19 6 3 6
10 8 17 5 1
2 1 11 3 27
11 3 1 8 0
0 15 2 0 8
1 5 3 1 39
4 0 5 9 2
0 3 7 0 0
1 19 12 1 0
1 6 6 13 7
24 2 6 26 3
17 6 14 15 23
12 2 4 5 16
3 1 10 3 0
16 29 6 16 30
33 0 1 13 3
18 24 1 3 11
7 7 11 3 14
6 1 1 2 19
6 7 1 19 8
2 19 2 2 18
18 33 12 17 9
11 8 1 3 1
4 0 5 8 24
2 0 2 13 5
3 8 7 6 13
5 4 14 9 8
4 4 0 11 15
8 17 12 6 4
5 3 0 10 2
4 1 43 2 12
6 8 0 15 20
9 8 1 2 17
8 4 5 4 10
22 2 4 9 3
2 1 21 18 2
3 5 10 7 17
6 4 11 2 20
0 0 4 0 10
2 5 7 4 19
4 2 0 13 6
14 4 1 20 5
8 1 39 0 14
0 0 4 2 3
2 9 9 36 15
0 18 8 31 8
1 6 5 0 11
36 3 9 0 11
5 8 4 20 22
4 0 22 2 2
5 0 7 7 12
12 27 15 51 6
13 4 0 15 8
21 4 6 1 5
16 6 13 5 2
16 13 0 4 3
1 13 6 34 0
6 25 14 1 0
13 16 14 4 28
7 19 4 3 19
17 3 0 17 2
4 28 2 3 0
0 2 12 2 11
29 0 23 15 31
9 1 5 8 6
5 0 34 0 0
6 2 5 0 4
3 3 10 12 1
10 8 0 0 0
0 10 0 3 8
7 3 5 3 11
4 12 29 10 2
0 10 0 1 2
5 9 20 4 21
7 6 3 7 12
1 17 5 0 29
5 19 2 4 12
12 28 0 5 19
25 16 35 1 31
12 18 8 5 5
12 4 13 7 2
4 14 2 25 6
8 1 18 0 8
11 0 26 31 5
6 9 0 18 7
0 14 10 1 2
7 9 7 47 6
12 6 21 12 1
7 16 1 5 2
3 11 10 0 48
3 3 14 3 21
2 13 17 15 2
6 4 9 3 0
29 4 6 6 12
13 1 2 24 0
0 7 14 23 3
19 0 8 25 14
15 7 3 3 0
2 4 4 11 1
28 3 7 14 13
23 33 14 0 2
16 3 8 1 0
4 2 3 10 2
12 4 5 1 7
3 2 43 4 9
0 7 1 0 30
5 5 6 11 9
4 2 5 5 13
1 8 16 1 16
3 26 3 2 16
2 4 10 10 2
2 0 18 0 2
0 7 5 23 4
1 1 11 5 5
3 14 5 0 9
5 8 16 6 1
5 4 1 5 3
1 17 6 16 6
6 5 0 0 4
12 3 3 21 0
0 15 5 3 7
30 23 16 0 6
6 2 0 8 15
31 22 9 3 7
6 3 33 1 13
13 1 0 9 4
0 23 1 4 1
9 11 22 19 1
0 10 7 12 5
0 5 6 31 11
17 13 16 0 4
16 37 7 25 4
25 14 6 1 10
5 4 5 4 8
8 0 5 4 4
12 50 7 3 25
13 4 15 1 1
32 13 26 4 0
5 9 9 1 11
0 20 6 0 31
4 29 8 1 6
38 3 10 0 9
2 13 13 0 25
21 19 5 2 5
5 3 20 9 0
4 3 35 4 12
5 6 15 20 9
1 6 7 2 0
1 1 1 17 2
1 16 3 3 3
28 14 8 7 9
19 4 9 10 1
14 5 5 12 0
16 10 24 15 2
6 7 7 3 0
7 12 7 13 21
8 11 14 24 0
18 7 6 1 1
2 3 0 0 0
45 4 5 0 17
1 27 12 17 11
17 29 6 14 3
0 1 12 0 4
25 5 8 0 3
23 0 0 12 1
6 16 9 9 7
1 13 8 0 4
7 3 0 18 5
13 8 1 22 0
13 12 4 46 3
5 4 7 10 18
0 2 9 12 18
2 2 3 6 1
23 16 3 4 12
6 16 18 2 16
6 6 1 20 3
2 1 1 8 0
13 4 0 28 3
2 1 3 0 0
4 25 1 6 39
0 0 4 0 1
23 11 0 10 12
7 0 1 2 6
13 2 14 8 30
6 3 26 10 22
14 8 8 0 6
7 2 8 26 15
16 14 5 2 3
5 1 7 27 26
9 2 3 14 6
7 1 3 6 18
13 4 6 3 0
5 2 0 1 0
19 1 12 0 3
13 6 21 23 25
0 11 23 0 2
13 16 2 0 9
18 13 6 21 12
15 6 11 3 1
24 11 3 4 2
7 2 18 10 12
12 2 0 1 2
26 9 6 2 17
10 8 7 2 3
13 28 10 4 15
0 11 2 11 3
3 34 20 7 5
21 1 0 3 6
16 20 46 0 16
1 7 15 67 16
22 0 21 4 0
4 3 0 1 2
5 3 3 2 4
34 14 3 4 7
13 0 5 2 2
38 2 17 2 2
21 3 2 3 13
2 5 14 14 24
34 17 5 0 0
3 0 23 0 7
2 4 3 18 0
1 0 14 22 26
6 1 3 5 1
0 10 51 1 7
23 3 3 2 5
17 4 3 4 34
0 15 4 19 3
4 9 9 3 0
1 3 1 1 15
6 2 9 14 2
3 1 8 2 11
10 4 24 15 17
1 19 8 2 41
9 2 8 4 15
25 2 6 9 10
1 0 0 10 7
8 6 1 6 3
8 9 16 41 1
15 12 10 0 4
9 3 8 29 2
21 5 13 12 0
3 3 8 9 8
33 2 9 1 17
0 16 16 3 6
2 7 10 14 0
2 35 11 25 13
2 3 12 1 7
4 7 4 1 2
5 3 41 11 0
2 7 23 0 13
9 29 17 7 2
1 42 12 6 12
8 9 3 14 3
0 0 2 0 7
4 17 6 0 4
6 8 9 6 14
0 13 6 3 7
37 8 8 1 11
24 6 10 0 12
2 1 21 12 12
12 4 0 3 16
6 8 24 27 7
29 3 3 1 2
31 3 7 7 15
8 20 15 8 2
14 17 11 4 4
2 1 0 4 28
5 3 18 11 4
9 4 6 28 16
0 28 5 0 9
8 7 4 22 17
2 4 1 2 8
0 8 7 1 51
2 2 18 16 2
10 12 19 5 2
9 5 6 16 15
18 21 3 5 0
0 0 14 6 9
4 7 12 3 6
0 29 5 1 1
3 3 3 5 2
18 0 1 30 46
45 11 3 2 44
3 6 12 24 29
3 5 4 1 20
0 0 7 0 12
24 0 5 3 3
10 7 2 45 14
34 24 13 1 7
3 9 9 1 10
2 13 17 0 6
11 0 11 1 0
12 3 2 1 3
7 3 7 6 13
5 0 5 13 20
4 15 2 2 0
9 2 6 9 6
1 36 3 0 13
4 10 4 2 0
23 14 40 7 14
3 16 10 0 9
20 0 10 3 5
21 9 3 4 3
7 34 23 27 27
12 24 11 1 35
4 11 2 8 3
10 0 4 25 25
7 0 6 9 0
7 4 12 6 12
0 13 4 27 5
19 16 6 3 5
18 2 1 0 5
14 46 19 9 25
0 3 1 3 2
17 1 0 21 0
11 4 8 2 11
17 11 10 1 11
0 34 1 7 8
2 0 9 2 0
10 2 3 2 5
0 6 9 0 21
0 29 11 9 1
5 19 13 1 10
8 8 3 1 4
1 16 3 28 6
1 1 0 7 20
6 12 4 5 36
4 3 0 1 5
21 0 9 3 2
32 3 17 5 9
0 10 1 25 5
11 15 4 4 0
1 1 7 16 1
21 14 4 3 0
21 11 8 1 8
5 6 15 8 3
3 8 14 12 15
4 25 8 9 25
3 7 3 4 28
20 8 3 2 8
0 0 8 6 19
7 10 0 7 6
6 6 4 1 11
10 3 2 7 13
28 1 2 43 7
7 0 2 1 2
1 0 0 17 15
12 6 11 10 31
4 5 1 3 3
6 15 11 1 26
12 22 25 0 11
6 1 2 9 33
2 3 8 1 15
19 7 4 28 0
15 2 0 3 0
33 15 5 20 14
28 1 14 10 20
6 12 18 1 25
49 6 11 0 21
1 21 10 10 19
7 10 30 4 6
2 17 2 0 5
2 5 1 1 6
8 14 0 12 3
27 0 11 8 24
0 3 35 2 12
21 5 38 11 12
17 4 0 0 1
4 7 5 0 24
3 1 13 29 17
15 5 0 2 10
21 13 3 8 4
2 11 25 5 40
1 6 23 0 11
18 2 3 0 17
1 8 38 5 6
24 10 4 5 0
1 11 19 9 6
1 11 13 1 5
7 4 6 1 26
15 0 0 4 10
1 3 3 0 3
58 20 6 9 19
1 1 9 29 12
6 0 0 0 3
5 2 1 12 41
13 6 25 10 6
4 7 6 2 9
38 0 7 3 3
3 1 14 14 9
1 4 6 0 6
6 9 2 2 20
7 1 1 4 17
5 14 4 0 13
10 13 5 2 0
17 17 6 7 12
3 2 3 1 1
9 0 1 1 3
4 10 2 7 13
4 9 41 3 3
2 0 25 30 9
22 21 1 2 19
6 7 16 4 21
13 21 0 4 27
22 4 0 2 24
5 3 0 0 8
11 3 0 17 9
6 12 16 1 0
7 1 0 24 4
4 10 3 21 1
8 33 2 13 3
18 20 25 2 0
0 2 1 3 18
7 17 1 14 6
5 21 13 5 5
3 6 11 7 7
41 1 6 2 0
11 42 7 0 25
1 0 15 1 1
9 6 2 10 26
9 14 4 11 24
2 4 1 0 17
20 0 0 1 4
5 13 19 0 5
16 12 1 3 12
1 15 1 4 1
2 1 7 15 6
12 2 7 3 15
1 10 7 1 9
9 11 5 1 22
1 3 11 22 0
1 2 5 18 4
13 9 1 1 5
14 0 20 11 17
28 1 3 10 2
10 5 0 7 4
1 5 6 3 21
3 8 10 5 0
1 8 2 6 11
4 11 0 6 17
16 14 4 7 5
0 4 17 2 9
4 3 1 0 79
3 11 7 1 13
6 8 7 4 4
6 5 1 3 15
5 3 8 5 5
1 9 4 4 2
3 2 5 13 2
32 7 29 7 0
12 53 1 0 10
11 0 7 18 5
6 30 9 4 0
18 5 9 0 5
2 3 1 15 3
14 1 2 10 17
1 10 6 1 13
2 12 11 9 5
1 3 5 3 0
7 0 13 12 24
8 5 3 12 17
3 4 11 20 1
8 9 2 3 5
5 5 3 19 1
3 6 3 0 16
8 1 17 9 9
13 16 0 6 1
13 3 2 4 0
12 18 0 1 5
20 2 5 14 16
2 5 10 4 4
13 5 25 22 15
1 1 2 5 2
23 39 0 7 1
16 0 13 4 0
20 2 3 9 0
4 16 5 10 4
0 2 16 2 18
6 3 3 0 18
19 11 18 16 3
2 21 9 11 1
0 17 5 6 3
2 2 4 4 0
0 1 0 2 4
4 4 1 6 7
0 5 31 12 1
0 2 8 3 15
5 1 4 1 8
26 1 20 6 12
0 9 1 12 12
10 2 10 17 8
5 8 12 51 8
21 3 3 7 16
27 7 1 4 1
5 12 12 16 12
10 0 0 13 6
1 1 12 4 2
1 6 42 2 11
10 9 10 2 12
5 8 26 6 8
0 23 29 18 3
2 3 3 33 25
4 23 1 6 0
12 1 1 20 2
7 0 2 5 7
20 0 10 3 16
5 4 2 23 0
1 0 1 18 8
7 1 6 27 1
7 9 2 14 8
12 8 13 8 7
1 2 11 23 0
3 11 3 3 6
7 4 7 1 3
0 10 44 4 5
12 4 4 5 22
7 10 27 2 1
15 7 0 3 18
0 2 12 29 10
0 26 15 3 3
10 14 4 6 6
4 2 0 1 11
1 3 8 11 58
3 7 12 20 6
4 38 7 5 15
11 9 1 8 10
4 21 10 36 2
15 32 16 2 6
3 17 21 9 6
2 2 0 28 0
1 5 15 20 25
4 18 4 7 6
1 0 0 6 17
12 3 5 12 9
7 8 43 18 18
0 0 0 21 1
21 9 16 2 6
13 5 3 12 2
23 6 12 1 2
3 0 1 50 2
13 6 1 9 5
1 12 20 2 23
17 16 0 10 0
13 3 9 31 35
2 43 5 10 2
0 4 6 17 34
22 0 28 10 2
0 7 1 16 10
5 6 4 0 7
7 15 2 7 3
1 8 14 6 1
3 1 2 6 1
36 13 0 4 0
23 6 7 10 7
3 24 5 49 7
19 2 21 5 5
1 9 3 8 54
9 0 26 17 12
2 12 11 37 11
3 7 14 8 21
3 18 37 24 6
17 5 0 24 9
21 10 9 6 1
18 4 3 6 2
12 7 1 24 1
1 8 10 13 5
7 38 2 4 1
3 0 3 48 4
33 49 9 6 3
3 7 3 9 8
5 31 15 2 27
2 3 3 47 1
11 16 0 4 8
1 3 18 0 15
2 2 12 21 4
2 0 32 6 37
17 1 3 4 21
20 3 2 7 21
1 2 16 13 10
10 7 17 14 2
7 33 1 10 11
15 13 1 14 18
18 7 3 2 2
0 5 0 3 32
2 4 8 4 9
0 7 1 15 5
0 2 10 4 44
4 0 5 1 9
1 6 13 2 14
3 22 11 2 0
3 13 7 4 12
7 0 10 5 6
19 11 3 7 3
1 1 0 1 9
8 1 0 0 9
3 10 3 2 27
4 0 0 1 2
28 2 9 3 13
4 11 37 11 4
2 9 16 24 8
9 38 1 11 2
9 10 16 6 8
3 10 21 3 0
6 13 12 19 15
4 2 3 3 9
14 3 6 0 16
43 1 0 16 6
2 17 1 2 30
1 0 10 4 57
59 12 8 12 1
1 4 8 4 8
0 12 25 2 3
0 16 8 2 0
2 0 6 3 4
12 6 4 2 8
13 2 4 2 3
33 23 6 12 8
17 20 3 2 12
23 13 14 0 18
12 10 21 8 7
1 2 4 17 20
23 0 4 2 7
1 26 10 8 4
5 13 27 5 3
47 11 12 0 2
1 2 1 2 3
5 2 26 2 28
0 11 0 6 2
7 17 3 7 1
3 0 7 10 19
11 3 4 7 3
6 24 4 4 27
6 0 3 5 1
15 10 1 5 15
16 1 32 4 3
3 5 2 0 7
11 12 2 12 2
8 38 11 13 22
7 2 6 8 5
2 35 18 7 7
8 1 0 0 10
26 12 6 10 19
9 11 6 8 2
3 0 7 14 5
7 24 6 2 8
2 0 5 7 10
1 0 6 9 4
7 5 3 6 2
1 1 12 10 8
0 6 10 2 4
15 10 1 16 6
11 11 11 2 5
28 1 8 7 1
15 14 1 18 3
3 2 8 6 11
1 7 7 1 7
35 33 10 18 17
5 0 17 0 2
10 24 1 0 27
11 16 0 7 4
4 25 0 6 1
0 9 2 7 11
18 5 15 9 44
9 16 5 9 10
1 10 35 22 11
3 2 0 15 13
29 8 1 0 7
1 1 1 29 3
2 1 22 4 10
5 7 4 0 11
7 7 4 17 15
5 20 5 17 11
14 0 1 10 2
15 9 2 0 21
6 10 15 0 13
0 4 7 11 8
5 2 2 13 6
3 9 10 28 20
4 11 12 19 0
16 1 1 1 7
1 1 7 3 0
1 4 26 47 3
6 8 3 18 7
1 4 4 1 0
1 17 2 3 15
2 2 12 10 9
0 7 4 0 8
3 7 25 3 33
24 1 1 27 15
23 3 1 22 1
2 19 11 1 0
18 43 0 10 10
4 13 8 2 3
1 16 7 0 1
6 4 0 18 22
13 3 32 2 9
4 6 3 1 23
1 7 6 2 5
7 17 0 21 1
1 1 4 2 13
0 22 3 6 14
10 0 1 5 11
1 4 25 0 15
2 24 0 7 2
3 14 1 0 13
12 2 4 0 9
23 3 4 1 0
6 6 2 9 4
1 6 7 14 10
12 7 24 4 18
11 5 0 19 8
36 13 6 10 7
4 13 0 10 31
10 1 3 13 4
1 11 6 0 12
21 3 7 15 30
11 0 5 4 9
21 15 28 3 3
24 4 15 19 10
2 4 9 2 11
2 0 1 0 32
11 5 14 16 0
1 6 19 0 0
20 4 4 0 12
14 3 8 3 0
23 13 5 4 19
5 8 19 3 10
9 14 11 0 12
4 5 3 1 5
11 0 18 6 7
15 14 2 4 3
7 3 15 11 9
6 6 1 9 7
23 12 9 5 2
30 15 2 9 19
2 36 8 23 1
8 8 26 1 4
1 2 5 20 31
8 23 7 2 20
4 0 9 3 1
3 5 19 18 15
21 0 18 9 6
5 13 4 4 5
1 1 55 0 13
18 5 21 3 0
1 0 4 3 2
21 2 6 32 1
4 5 29 3 3
5 22 2 1 0
4 24 1 2 0
5 10 19 19 10
12 0 4 5 20
9 0 1 2 1
16 3 0 14 6
12 5 2 6 6
18 5 0 3 2
6 18 14 19 21
22 12 7 9 17
31 42 0 1 9
1 4 1 0 14
2 31 1 0 8
2 1 1 19 9
9 12 14 25 16
3 8 20 8 2
2 8 2 0 1
17 9 10 4 3
4 24 17 10 0
2 4 4 9 12
5 19 1 0 0
5 2 3 2 1
2 7 4 7 7
36 2 2 4 11
3 0 9 17 2
9 2 5 2 26
5 0 0 15 0
5 14 10 1 3
19 0 0 17 8
1 4 7 21 0
1 5 5 0 20
8 0 41 18 18
3 1 25 5 12
0 5 0 11 3
16 8 9 1 3
10 0 7 11 4
13 14 4 0 0
1 2 0 0 14
11 28 3 5 9
6 0 8 5 8
6 15 4 0 1
15 17 6 19 42
1 15 7 11 8
17 3 11 23 2
14 3 1 12 24
5 11 31 10 11
5 3 6 6 4
7 2 4 30 14
5 6 1 22 18
18 10 29 5 14
20 3 18 0 1
21 1 4 1 7
3 9 12 26 3
4 3 1 12 8
4 4 2 5 6
34 9 12 8 2
18 1 2 2 8
7 6 7 19 7
5 3 14 8 18
1 7 1 22 18
1 11 7 10 8
12 12 39 5 11
14 0 2 2 3
2 0 0 11 18
14 18 2 29 3
15 7 3 6 3
20 5 1 7 0
2 5 18 5 5
3 3 8 4 9
8 8 14 0 23
6 7 8 13 0
7 2 41 0 4
17 2 10 1 18
4 48 3 14 3
12 1 6 2 28
5 13 1 4 1
7 32 35 16 1
2 4 4 0 6
24 4 20 5 21
26 14 5 16 4
5 2 35 4 18
8 0 14 4 17
19 4 8 11 4
17 10 1 29 20
4 1 1 2 3
9 13 5 4 15
0 1 21 1 12
1 10 3 0 25
1 7 6 12 11
7 11 18 13 7
0 13 3 7 8
17 15 3 11 5
38 2 13 8 1
9 3 2 25 18
7 28 0 2 10
7 25 8 11 0
6 4 15 4 7
12 10 35 7 1
1 0 0 5 5
7 8 6 21 1
2 1 56 20 16
11 2 3 31 4
2 10 0 4 16
0 5 2 27 5
5 7 11 10 2
1 4 9 16 8
20 0 11 5 4
5 13 3 0 2
11 8 3 7 18
5 8 13 18 11
7 8 1 0 0
16 23 0 8 1
10 3 19 17 4
11 5 18 3 1
3 13 18 11 0
1 1 2 23 13
0 2 33 1 22
5 13 0 2 16
13 6 1 5 3
9 2 10 14 1
8 5 0 0 1
26 3 26 0 4
18 8 0 10 0
1 0 20 21 27
5 5 8 11 0
4 22 2 3 9
4 3 13 2 6
85 3 5 14 2
5 8 5 20 2
6 17 4 10 25
5 0 7 10 38
14 18 0 0 2
2 2 14 11 3
20 6 22 19 12
1 7 5 7 1
9 11 38 2 11
5 24 3 1 1
6 0 16 22 8
1 4 31 6 16
0 9 20 4 2
8 4 15 11 4
17 6 10 15 3
10 1 4 17 27
10 25 10 2 2
1 3 6 4 17
10 23 8 2 14
4 17 5 26 4
0 4 25 10 4
5 16 17 7 12
1 1 6 1 1
4 0 9 11 0
6 6 5 1 4
2 6 5 20 3
14 0 0 2 3
1 0 3 10 10
2 0 14 1 61
30 13 15 16 5
1 32 16 13 20
9 0 0 9 3
2 2 10 2 12
6 6 0 3 8
4 12 2 0 16
1 15 5 3 13
4 27 15 4 0
7 1 3 8 9
26 7 31 4 20
9 7 5 1 4
0 2 3 3 7
3 8 10 29 4
0 3 7 26 5
0 7 2 14 26
51 0 0 1 9
1 3 7 2 17
1 6 12 9 28
21 1 1 38 10
2 4 15 3 0
1 9 5 0 4
0 31 0 13 7
2 10 0 24 0
6 1 15 20 7
9 2 6 10 11
18 4 3 9 4
3 10 9 5 2
1 20 13 24 0
5 2 60 8 8
16 21 8 6 0
7 5 5 13 21
14 1 29 2 11
1 6 10 7 4
44 0 8 5 4
4 7 2 2 5
0 4 5 0 1
8 0 1 3 27
16 5 7 3 2
33 3 26 3 6
4 3 10 0 20
18 4 0 14 12
2 1 0 10 4
10 2 26 0 23
10 0 17 24 8
0 7 1 8 6
10 4 2 7 5
23 1 3 3 19
27 30 5 8 1
16 0 21 3 17
21 14 0 12 10
2 15 4 6 3
11 7 4 8 7
0 1 11 9 4
1 4 7 9 6
0 0 2 0 7
7 19 16 1 2
8 1 10 0 6
4 8 1 8 0
3 6 46 3 18
6 18 18 21 2
8 1 24 10 21
5 16 19 0 0
4 5 7 0 16
7 3 11 12 5
1 0 16 19 7
7 22 10 6 9
8 14 5 0 13
27 0 19 3 5
5 7 10 5 4
1 9 19 4 14
2 4 46 6 13
0 0 5 12 14
22 5 6 0 1
13 9 10 2 0
13 20 14 16 4
16 5 31 5 10
2 12 4 0 12
5 7 4 1 1
5 0 0 13 3
9 30 7 1 11
2 3 3 11 3
0 2 20 15 1
9 16 5 18 16
0 6 0 1 3
5 3 11 12 13
3 4 2 3 3
14 5 8 17 20
5 5 30 9 2
1 3 10 3 17
2 3 1 5 14
4 3 0 6 17
9 4 11 28 22
1 0 15 57 9
1 0 1 2 20
26 7 2 3 8
1 12 1 5 21
0 2 7 10 8
3 2 6 15 8
1 4 7 3 5
2 4 0 16 5
3 10 2 0 4
0 8 4 6 20
40 16 6 11 17
13 2 7 21 1
20 1 5 12 2
12 1 3 15 3
6 15 3 8 3
0 12 0 2 0
15 0 8 5 1
1 1 15 10 0
11 4 2 0 4
22 2 9 2 14
5 39 4 15 4
21 26 19 8 13
2 28 1 11 4
3 9 9 7 3
0 4 21 0 0
11 11 6 16 9
11 2 4 22 19
2 2 2 0 6
0 1 2 21 39
7 3 0 7 7
1 9 16 14 0
19 12 8 8 9
4 0 11 3 11
7 4 4 0 6
36 32 8 13 5
3 32 23 0 0
14 10 3 6 7
0 7 11 18 16
12 4 23 10 7
6 11 9 2 9
3 3 7 11 2
2 20 26 3 7
6 11 12 36 7
9 9 14 7 2
0 17 1 13 2
2 12 7 6 7
17 4 38 3 10
3 3 3 6 12
12 21 4 0 0
1 4 1 3 7
8 11 18 13 11
5 0 9 1 1
13 29 6 0 0
29 6 4 8 0
55 18 0 11 2
9 7 0 0 16
5 9 20 12 0
5 12 4 3 6
2 0 0 4 1
3 14 8 5 1
5 0 7 6 7
2 3 4 2 16
17 3 15 9 5
0 10 1 3 1
6 11 1 26 3
8 1 9 0 0
11 9 3 3 23
0 2 1 17 35
6 3 4 6 5
0 5 13 0 7
6 4 25 4 9
0 6 1 2 8
4 11 6 9 37
11 5 2 9 2
8 2 4 6 0
5 4 0 2 3
11 7 4 1 11
14 13 0 2 5
0 16 0 3 14
14 7 14 8 5
18 8 2 5 22
6 2 16 0 24
2 13 1 4 15
19 5 6 4 0
8 3 5 1 15
34 2 18 2 2
14 31 7 31 2
21 6 0 3 4
8 35 7 3 3
10 8 1 4 15
1 0 12 26 9
14 10 21 0 4
17 2 3 3 13
13 0 1 1 15
12 44 32 6 0
7 1 11 3 10
0 5 23 8 2
15 0 12 4 6
4 3 6 0 7
3 6 1 14 1
1 4 19 7 4
20 11 23 3 2
5 5 7 8 1
5 2 3 2 13
0 7 0 0 18
19 7 8 6 24
22 7 15 22 6
1 14 9 7 10
1 9 1 0 4
13 3 7 11 2
9 11 19 10 5
2 2 1 22 22
14 5 11 6 15
8 19 1 2 4
0 7 6 0 2
1 13 9 6 18
2 0 5 28 1
1 7 16 16 12
2 8 8 13 6
20 27 7 35 4
9 4 13 20 6
14 6 10 26 10
26 1 14 5 5
3 7 0 13 6
0 12 4 1 19
28 9 3 2 22
12 13 3 3 1
2 3 12 11 6
16 15 7 0 19
10 3 8 18 14
2 3 1 6 10
6 5 31 20 9
10 4 3 8 0
6 8 28 1 2
3 18 11 2 0
2 18 1 1 29
7 12 9 4 7
6 8 0 10 16
13 3 0 8 1
16 10 19 6 7
12 1 4 0 7
1 22 8 20 5
2 9 2 1 4
8 8 18 9 7
0 38 9 0 0
10 3 8 1 0
0 18 20 11 9
10 6 6 3 2
0 3 6 20 6
17 1 8 2 8
3 13 17 0 0
3 4 8 21 11
0 20 17 13 0
9 8 5 4 0
11 4 10 3 13
0 6 1 14 26
11 9 8 7 8
2 5 13 7 0
14 13 23 0 10
1 1 16 4 1
13 8 1 5 0
0 12 3 9 1
4 4 15 5 7
6 1 9 11 11
22 17 4 42 62
15 5 1 5 9
1 0 15 2 0
9 24 4 4 7
10 5 2 11 16
5 2 1 5 13
1 1 1 3 14
2 4 13 13 11
2 6 15 8 3
0 12 10 34 5
20 5 2 2 2
0 56 2 14 4
0 6 11 27 3
4 37 15 14 21
1 18 7 12 8
1 11 7 2 9
25 3 1 2 3
12 1 6 1 3
22 5 13 5 38
7 4 10 10 4
4 17 8 5 10
20 4 17 10 15
1 9 9 16 2
5 8 8 28 0
5 9 15 1 7
8 7 2 7 0
0 0 8 6 7
2 4 1 15 3
1 3 6 7 1
10 11 24 3 10
8 18 2 26 19
27 8 2 0 4
9 2 17 9 1
21 12 9 11 12
9 3 15 10 14
0 21 5 6 1
0 2 6 31 3
2 26 31 7 8
39 8 21 14 1
1 1 3 32 3
17 11 2 9 6
1 7 4 22 5
1 1 6 22 0
3 15 15 9 16
0 19 4 1 2
22 4 13 39 17
17 3 1 1 6
24 1 0 1 3
0 6 21 22 12
19 3 2 5 3
12 15 0 8 8
11 7 3 5 1
2 10 2 8 22
4 2 4 12 21
20 5 5 0 18
12 6 3 3 4
2 1 5 5 23
2 11 3 2 3
16 9 10 11 14
5 23 0 19 2
9 5 8 1 1
1 0 4 22 1
8 8 33 23 24
29 5 7 6 15
9 19 16 6 10
0 2 4 9 10
11 11 2 0 20
27 16 2 10 0
19 10 9 14 1
6 1 15 1 11
2 4 11 2 8
0 0 1 21 41
26 1 7 1 4
9 9 30 2 3
8 4 4 5 0
1 13 1 6 1
10 18 9 18 8
1 1 3 9 12
9 9 4 2 2
16 3 5 13 4
5 20 9 3 3
12 8 16 10 10
27 2 7 3 0
18 10 4 0 7
14 8 3 34 17
4 3 3 1 4
1 14 23 1 4
1 20 14 1 1
0 2 7 23 8
4 4 5 8 24
16 4 23 0 13
1 19 8 3 3
10 4 14 32 1
3 2 32 5 13
2 0 46 23 19
5 1 22 4 0
11 1 17 9 2
13 0 11 10 1
10 22 2 2 15
1 0 1 20 17
7 2 0 6 0
1 0 7 0 10
2 1 0 12 5
1 10 6 15 5
7 4 4 12 12
17 2 4 1 9
0 7 10 0 0
0 3 12 2 9
14 29 3 26 10
7 5 10 14 1
25 1 13 1 12
7 17 22 1 16
10 27 7 4 33
7 36 11 10 0
6 6 7 20 18
2 44 11 5 9
11 5 8 13 6
25 3 0 1 19
8 9 8 11 2
7 3 58 0 8
3 29 38 41 13
5 0 1 9 0
5 4 1 14 28
0 33 9 7 12
1 25 4 14 0
14 1 17 18 11
15 1 4 0 0
0 2 8 0 4
10 14 7 8 5
10 20 13 7 8
24 1 1 17 4
26 11 6 7 2
14 9 18 15 3
0 48 3 2 5
32 13 15 4 4
25 0 10 23 2
21 4 2 2 29
2 6 2 26 2
4 5 13 5 81
8 12 3 5 10
7 3 7 17 4
33 0 1 10 3
0 6 29 2 0
1 7 6 0 18
4 3 8 54 31
7 4 37 2 22
0 0 0 14 3
17 14 12 12 0
7 3 2 1 9
12 28 0 24 12
3 17 15 8 17
26 3 26 6 4
45 4 8 4 6
18 1 16 1 0
4 0 1 0 41
3 0 3 9 6
3 11 22 3 12
8 0 17 13 14
7 10 9 11 2
13 7 24 0 5
2 10 4 23 0
15 3 27 6 5
19 8 9 5 4
0 0 24 8 33
19 11 10 19 13
5 14 2 2 3
3 3 0 1 2
3 18 8 4 24
1 7 18 20 3
0 22 17 2 7
1 1 3 15 3
6 12 2 7 8
0 22 10 13 6
13 12 20 5 22
11 17 10 4 1
5 14 4 0 8
10 3 30 18 12
14 19 1 10 20
28 0 1 5 4
6 7 14 2 8
17 7 1 10 5
14 3 6 6 0
3 6 0 10 2
8 4 2 11 0
1 24 27 0 2
15 17 22 8 14
10 2 1 7 6
9 11 3 1 6
6 0 7 13 0
3 49 25 24 2
57 7 17 16 4
2 17 6 5 0
4 0 1 0 0
8 6 12 5 1
17 4 11 0 7
1 22 15 6 7
16 16 14 20 2
5 1 12 36 8
11 22 6 24 16
3 0 2 20 0
12 1 5 12 10
3 11 3 5 8
23 1 53 11 6
24 28 19 6 15
2 2 2 18 7
1 1 8 14 8
2 19 12 1 9
2 32 11 10 16
18 16 6 5 6
5 7 14 42 18
0 2 6 4 21
4 11 11 19 17
12 4 7 9 17
26 0 4 57 26
13 7 2 0 1
5 4 3 0 19
0 6 35 12 5
7 11 12 18 3
13 14 1 2 26
2 10 8 1 2
11 13 2 2 3
10 6 11 2 3
0 1 9 3 21
10 12 25 23 10
8 0 13 52 6
16 10 10 20 2
0 12 4 0 3
9 1 5 14 7
1 2 2 3 11
2 3 3 0 3
0 18 0 18 5
1 25 0 16 12
23 17 1 7 1
2 4 6 4 6
2 20 3 3 23
18 0 8 17 5
3 2 0 15 41
6 16 10 10 7
4 5 1 6 13
21 3 17 4 0
24 18 18 9 13
0 15 1 0 23
14 13 11 0 1
6 9 21 3 7
13 1 25 26 1
14 0 15 7 5
2 10 7 23 15
13 21 6 3 8
5 3 12 0 0
1 3 4 3 41
1 3 2 2 5
0 13 7 0 2
7 2 0 0 4
35 1 7 29 1
6 35 2 8 6
1 22 25 6 2
41 5 8 1 1
13 2 7 0 24
0 42 4 4 5
42 6 16 17 5
11 0 30 1 9
0 11 27 3 7
9 2 1 9 5
0 16 3 1 16
5 11 0 25 4
8 28 17 8 10
18 18 12 7 1
0 14 7 10 5
0 1 11 1 23
18 5 23 28 2
2 15 17 13 20
15 18 10 12 11
0 31 4 1 0
13 2 2 0 0
11 4 4 3 3
8 7 9 0 6
9 11 5 14 2
10 4 10 1 24
2 0 19 2 3
12 24 4 5 4
6 19 0 0 6
0 8 28 2 1
4 12 5 7 1
16 2 5 0 3
5 7 1 0 2
8 16 9 2 4
14 10 27 6 25
0 2 17 2 20
2 3 12 5 4
8 2 3 5 7
23 2 22 12 12
12 37 1 17 23
2 0 17 1 15
41 46 3 4 10
14 1 4 1 12
0 14 8 16 4
10 9 5 1 7
19 14 16 0 2
0 27 12 13 12
23 6 6 0 1
73 30 31 11 16
32 12 4 0 1
5 2 4 1 3
9 14 0 0 9
3 5 6 5 0
2 2 3 0 8
6 37 29 0 21
5 2 10 8 0
19 26 2 25 23
7 10 9 18 1
1 9 14 1 42
26 13 3 5 41
7 2 6 10 29
14 15 0 1 3
4 27 1 2 13
1 3 16 1 12
3 4 9 0 7
4 9 8 8 0
7 0 2 7 4
29 0 1 0 1
6 16 9 7 4
9 30 14 8 0
2 4 3 16 7
19 8 3 2 2
17 7 2 6 18
0 9 17 14 6
14 0 15 10 6
8 3 1 3 19
22 47 17 17 48
4 4 11 21 12
3 1 5 11 3
0 6 27 7 5
16 4 17 4 16
2 13 0 45 5
0 12 15 4 3
21 9 5 10 9
5 3 7 3 1
2 5 8 38 0
2 0 12 2 2
4 3 5 7 13
0 14 9 0 8
19 8 2 33 1
25 6 16 49 6
3 6 4 25 5
27 18 0 2 7
7 3 0 0 13
9 25 19 8 7
1 22 4 39 3
16 6 14 11 27
1 6 39 12 12
9 3 23 6 4
1 18 20 20 5
3 24 8 28 32
8 1 2 2 4
16 39 2 5 14
1 1 5 13 5
2 10 0 5 1
7 0 18 2 10
2 18 5 30 1
3 2 0 5 20
12 17 0 5 8
1 3 19 3 1
7 27 15 11 3
7 4 4 15 7
0 0 14 36 1
11 2 5 23 4
18 15 38 2 10
19 5 5 11 4
0 4 0 3 15
9 12 18 2 20
4 0 3 7 6
3 6 12 1 4
20 2 12 7 6
1 4 11 3 5
3 12 16 27 31
4 15 0 1 11
15 5 2 5 4
4 15 12 4 0
6 11 1 21 10
1 19 36 3 2
24 1 0 7 3
6 0 1 5 0
1 25 1 0 1
8 4 7 4 28
9 14 1 10 2
47 24 10 12 30
18 17 3 1 6
2 3 0 1 8
2 2 4 21 19
12 2 8 0 4
2 1 3 1 8
11 12 2 9 13
1 6 4 9 7
14 10 4 7 1
3 4 12 1 4
3 13 4 6 0
1 7 7 2 6
1 0 3 12 2
30 23 3 7 3
7 14 17 2 11
2 25 2 9 4
8 12 11 16 3
24 3 12 1 18
17 23 1 1 14
0 1 1 29 14
6 0 4 2 2
27 1 3 10 1
1 27 6 4 9
3 3 17 4 5
5 9 7 22 6
0 6 18 4 21
7 3 18 11 4
12 14 4 11 12
0 4 0 3 0
9 0 21 1 8
0 9 0 23 0
17 0 3 1 1
17 4 16 3 2
42 4 18 10 9
0 13 18 22 47
0 2 8 1 14
4 11 8 2 25
3 2 14 6 9
9 13 23 6 1
11 4 3 6 13
3 3 14 0 0
22 33 16 6 9
12 6 4 8 7
10 42 0 4 13
16 1 12 8 2
3 2 39 1 1
8 16 8 6 3
35 0 2 10 0
7 37 8 0 13
8 9 2 5 3
9 1 0 7 3
11 30 3 36 3
11 13 1 47 20
3 7 0 3 8
1 0 7 1 5
2 4 4 6 5
33 10 3 8 51
0 1 1 4 1
1 0 0 6 1
3 4 3 1 19
18 22 3 0 5
17 5 6 1 24
5 0 8 1 4
28 4 8 5 6
1 5 2 0 0
6 1 10 6 23
16 0 19 13 6
6 3 10 7 1
5 46 1 0 11
7 4 3 8 2
4 1 7 1 2
3 12 7 16 3
8 27 8 25 25
27 19 7 7 22
16 11 4 2 12
1 8 28 29 11
14 3 6 3 27
30 0 34 4 1
6 2 26 2 4
30 33 30 2 5
12 7 5 25 23
25 1 0 0 3
22 1 3 0 15
3 6 2 0 1
0 14 5 14 10
3 2 6 2 14
10 3 2 9 5
9 6 3 26 8
11 4 6 5 4
10 2 7 23 16
28 1 21 19 3
10 22 1 4 9
2 15 8 0 1
11 4 7 3 1
1 1 0 7 12
0 15 23 14 25
7 2 13 11 2
1 5 3 1 18
0 4 5 1 1
1 21 1 13 5
8 2 36 3 7
7 5 2 21 0
4 18 2 37 4
1 14 2 2 5
30 11 4 0 13
5 19 3 1 17
6 4 27 7 33
6 12 4 13 12
1 5 23 11 0
18 1 1 21 4
7 8 1 7 13
17 6 2 21 19
4 6 7 12 12
1 3 8 2 3
1 3 0 2 12
7 9 7 5 6
8 9 2 0 0
19 2 5 12 0
39 7 7 5 5
51 7 5 6 4
2 24 9 6 16
16 7 15 6 12
12 1 16 2 11
6 23 7 6 1
3 0 15 7 1
4 1 9 17 0
11 30 6 4 3
29 20 4 4 4
9 2 3 1 1
2 1 1 0 5
10 0 7 1 0
7 9 4 11 4
0 11 12 2 23
25 12 31 0 2
6 3 18 29 3
0 23 20 1 2
0 24 2 3 0
5 8 28 2 17
4 6 28 0 24
19 21 6 30 7
9 0 1 1 16
45 10 1 6 28
12 4 0 21 3
10 17 10 0 6
0 31 2 0 10
16 1 28 14 12
25 8 20 0 2
6 17 2 34 9
4 9 18 11 21
0 12 16 7 18
17 1 3 16 20
16 3 24 16 1
1 0 5 12 1
14 1 11 2 1
13 7 5 0 8
11 2 7 7 1
26 16 5 14 2
9 24 8 18 28
5 6 9 1 8
3 5 2 20 7
0 6 16 21 6
20 0 3 13 25
13 11 2 0 7
0 5 0 4 12
12 11 14 2 10
0 2 21 5 38
5 0 7 25 3
12 9 38 8 9
12 2 0 17 1
7 5 15 62 7
0 6 0 5 17
2 3 0 59 25
3 0 12 15 2
1 17 13 0 37
27 5 23 4 5
1 9 1 16 4
1 2 12 0 3
5 5 4 8 1
5 16 3 0 9
15 12 4 3 4
4 3 0 4 19
23 5 6 2 38
17 16 8 4 8
21 22 22 6 9
1 7 4 0 3
17 4 8 15 14
8 0 10 6 1
0 1 2 2 2
1 4 3 20 6
12 11 17 12 2
0 6 4 52 9
11 10 9 2 7
0 7 19 4 0
2 6 7 7 2
1 18 17 6 1
1 6 6 1 8
0 11 12 22 16
7 12 0 4 13
5 1 0 6 3
3 1 4 2 12
23 10 9 4 1
1 1 2 2 0
15 1 0 1 14
2 0 8 0 21
9 16 16 4 0
5 2 1 1 15
1 15 11 0 0
8 13 5 5 0
7 5 0 6 7
22 0 17 40 12
14 4 0 1 18
5 5 22 16 4
7 0 12 14 6
14 4 8 1 3
12 14 3 1 12
1 6 0 12 2
3 3 12 1 0
5 6 2 0 17
3 9 5 7 6
31 5 2 2 10
11 1 30 3 12
1 9 11 0 0
18 15 8 6 1
1 0 13 1 0
11 3 65 3 48
35 6 19 7 6
11 2 10 1 70
1 2 0 2 5
18 7 6 1 3
1 21 1 0 2
4 11 15 6 1
3 3 15 9 14
1 4 14 8 1
3 18 34 16 0
4 4 1 0 8
21 13 15 4 6
4 1 17 3 9
0 17 11 34 3
8 4 14 7 21
2 11 9 12 5
5 6 7 10 11
2 5 6 23 2
22 2 12 13 5
25 2 16 15 0
9 1 4 19 4
39 2 6 0 4
1 0 23 22 7
9 1 33 9 3
0 28 3 4 17
6 0 5 8 0
14 39 5 5 5
4 26 0 0 8
1 5 9 18 4
3 0 4 1 1
3 4 19 10 2
18 13 3 43 9
1 0 6 29 6
10 7 1 7 5
2 1 0 15 2
2 0 47 6 1
0 4 7 2 4
5 19 1 44 17
6 41 0 5 15
7 4 0 9 3
4 2 15 15 23
8 13 26 17 7
19 13 4 9 4
12 8 11 23 9
7 5 15 24 13
3 19 21 1 5
8 12 0 2 5
6 3 3 3 1
7 11 3 7 33
5 8 15 22 14
15 2 6 8 33
5 8 2 26 13
8 11 1 12 3
2 2 14 2 9
0 5 3 0 7
9 5 0 1 2
1 5 13 4 6
17 0 24 1 6
18 1 49 5 2
0 3 1 7 4
31 13 23 11 1
5 15 14 0 2
19 15 18 1 10
5 9 8 13 3
6 0 6 23 3
15 5 1 7 31
5 10 2 10 10
2 18 0 10 3
0 2 15 43 15
1 20 8 12 4
0 0 0 0 27
0 6 13 0 13
5 12 12 0 6
0 22 1 11 5
13 17 2 1 1
22 5 0 5 6
1 27 1 2 1
13 2 10 2 28
12 45 4 11 1
1 14 3 9 11
1 3 2 9 2
24 18 9 9 2
3 2 3 21 3
4 1 15 10 14
13 2 0 13 8
28 3 10 3 1
9 17 1 17 28
8 46 27 2 9
16 10 4 1 0
4 3 0 41 6
6 23 3 13 12
4 6 5 20 9
3 80 3 1 1
14 20 29 1 7
21 5 14 11 13
20 13 25 3 0
5 10 9 20 0
6 4 1 3 13
31 12 1 0 0
3 8 0 9 15
3 12 9 3 1
21 7 2 17 1
1 3 13 2 15
1 3 1 7 2
7 10 7 5 2
3 17 4 1 0
6 21 26 15 4
14 0 8 4 23
12 20 0 7 32
3 9 1 1 24
3 0 0 8 1
7 6 5 16 6
4 22 4 5 0
1 30 12 1 19
6 9 6 3 0
1 10 5 25 34
3 2 9 10 11
30 15 1 0 9
3 9 20 0 5
3 15 19 10 4
0 17 6 11 13
1 8 3 0 0
0 5 16 15 9
2 21 5 0 2
8 14 4 2 34
8 7 9 1 6
0 1 35 3 10
5 2 5 3 19
0 3 0 2 2
24 6 3 14 5
11 0 30 11 12
19 0 0 5 5
18 6 2 16 1
10 2 5 34 6
4 2 4 7 3
2 0 21 1 37
2 4 0 56 2
0 5 3 3 5
5 2 3 5 9
2 9 0 61 1
3 2 19 8 28
0 0 0 9 7
5 3 11 5 12
2 10 21 8 4
10 30 1 3 0
1 19 3 5 2
15 11 9 12 3
2 9 13 9 27
14 0 10 24 12
21 3 8 22 10
32 2 14 10 2
5 4 0 10 8
1 1 0 38 1
0 13 4 17 3
6 4 8 30 27
10 3 17 7 6
2 17 14 49 20
12 14 16 14 18
21 1 22 0 8
0 0 9 2 18
6 70 37 1 2
8 16 4 21 18
9 7 15 5 8
5 16 42 2 10
0 19 29 2 7
1 1 2 4 0
11 29 5 14 16
3 19 11 35 5
0 21 0 4 3
0 7 9 15 8
1 1 0 4 11
17 2 35 2 0
4 7 5 0 15
12 4 19 16 2
5 1 7 4 5
5 7 7 12 1
13 24 21 4 10
5 18 1 27 6
11 7 35 10 22
6 9 11 3 3
2 7 0 1 24
8 8 5 9 3
15 49 0 3 5
9 19 11 6 0
14 4 3 22 8
4 17 15 11 15
8 7 5 8 4
10 1 4 20 5
20 5 1 2 5
18 6 19 29 11
12 29 22 6 1
1 1 2 9 3
10 4 0 8 2
23 1 3 5 0
8 2 8 8 4
1 2 0 4 14
4 1 61 4 1
1 1 25 3 10
17 5 9 1 1
3 3 5 0 0
3 2 1 10 1
8 0 5 15 13
2 6 4 7 5
1 8 6 0 4
11 9 5 8 1
3 0 15 26 0
0 2 19 11 12
4 2 5 5 20
10 33 3 0 7
1 13 8 0 6
3 0 19 6 5
0 3 16 0 6
25 7 0 28 15
9 1 8 1 22
0 11 12 8 17
3 26 9 13 11
0 11 4 2 0
1 16 9 2 2
13 0 6 20 6
0 3 11 0 7
1 1 0 1 12
4 2 0 15 8
9 14 1 2 0
21 3 0 14 5
0 0 5 26 9
10 13 5 14 0
5 4 22 0 14
14 19 3 5 8
14 11 6 10 5
3 12 2 6 3
7 0 26 6 30
3 18 5 13 4
4 5 9 22 24
3 3 8 3 4
15 28 7 18 13
8 8 7 17 19
7 12 17 43 10
4 19 12 14 2
0 1 23 12 11
18 0 0 3 0
10 30 29 5 5
9 8 22 7 0
0 17 1 5 8
5 12 12 3 2
7 0 56 1 3
9 36 1 9 11
20 50 2 13 23
21 2 1 5 2
2 4 9 5 25
1 6 5 0 2
6 11 1 0 2
7 0 1 2 8
28 21 10 7 40
8 12 2 2 7
5 14 3 11 4
9 12 11 1 11
5 3 0 12 4
40 0 2 16 4
34 3 3 12 11
53 7 4 7 20
0 6 2 6 13
19 0 7 20 22
5 8 6 0 1
1 10 3 37 0
1 3 1 4 12
33 20 3 23 0
5 3 11 4 14
6 0 1 2 3
0 57 1 21 13
5 0 5 32 7
13 1 2 4 0
3 4 44 11 2
4 2 37 6 5
28 8 8 5 0
2 2 0 5 7
24 26 17 0 4
1 4 6 56 2
0 10 6 9 4
6 6 9 0 0
20 7 1 35 9
0 2 9 2 7
3 18 1 6 14
0 10 8 14 0
29 0 6 3 22
13 9 23 14 14
13 1 8 13 26
6 1 6 1 0
8 5 1 3 2
1 13 19 21 26
1 48 1 21 2
5 2 1 19 12
3 4 13 27 31
2 3 5 3 1
2 2 23 3 1
11 1 0 1 2
15 20 44 4 9
2 29 7 0 4
0 7 18 5 6
36 1 1 29 0
20 1 4 2 0
2 26 2 15 0
2 12 11 15 1
11 2 11 4 0
26 5 2 4 0
15 11 0 1 5
8 1 14 11 15
23 6 18 50 18
1 2 9 0 2
3 7 20 11 39
20 3 5 26 0
4 1 1 6 11
2 4 11 13 15
34 30 13 0 8
1 2 19 0 5
5 4 37 3 11
40 4 15 5 26
31 12 15 2 3
14 8 67 1 7
3 0 8 6 7
18 9 31 1 2
1 3 11 79 12
6 1 2 7 4
15 0 6 1 12
10 0 6 18 6
10 18 2 6 0
4 10 9 20 5
1 16 15 11 0
7 9 2 0 5
28 0 15 11 1
16 5 4 8 5
0 20 19 11 6
25 7 4 28 13
2 22 1 0 11
4 2 20 5 6
23 8 4 14 23
0 39 9 2 9
1 7 7 4 19
1 40 5 3 2
1 8 16 27 0
0 4 13 16 11
4 2 1 12 7
1 3 11 12 11
1 6 6 1 58
2 1 3 2 0
7 7 4 7 18
5 2 15 16 0
13 3 18 10 12
17 11 3 4 0
2 6 13 7 3
0 3 1 0 10
2 1 1 5 7
4 0 1 10 0
13 4 8 12 3
0 8 3 4 3
4 10 1 18 3
6 0 5 22 13
3 1 1 38 5
2 11 7 9 5
1 1 0 10 3
2 1 15 5 7
40 7 7 8 3
0 0 4 10 2
14 6 10 0 6
1 3 10 12 38
6 20 15 8 5
41 36 1 16 5
1 13 2 3 9
5 14 0 3 26
7 1 13 8 27
8 4 25 0 18
0 1 19 6 1
3 3 4 24 15
5 9 6 3 15
3 12 14 11 22
12 10 1 9 8
25 6 9 0 2
0 3 3 5 25
0 0 11 13 4
4 40 4 0 10
11 9 2 8 26
5 6 10 2 2
30 7 3 9 0
24 0 14 4 25
15 1 54 23 17
10 2 16 7 10
3 24 18 2 7
14 19 9 6 2
4 16 3 6 5
13 13 11 20 2
18 17 2 4 7
22 6 22 7 13
13 9 0 4 0
15 5 8 0 0
4 11 0 1 4
17 5 3 8 33
16 12 11 1 13
11 4 1 5 0
8 0 0 3 1
2 0 6 11 23
31 1 15 6 3
5 28 2 10 0
4 10 12 1 25
27 1 5 9 3
2 3 22 15 31
11 25 13 0 17
9 7 23 26 9
1 5 4 3 4
16 17 17 9 0
0 18 17 4 4
1 14 11 1 5
9 0 3 10 1
13 6 9 11 18
1 5 24 2 12
10 12 12 9 21
9 11 11 0 9
4 18 1 7 4
13 2 8 2 4
0 17 7 11 8
0 20 3 13 0
2 19 2 3 7
4 4 0 7 2
0 9 15 7 4
0 6 1 10 24
57 7 1 7 9
10 3 0 8 12
19 13 18 0 11
4 5 0 10 21
21 0 7 21 0
14 12 0 8 4
1 4 1 20 1
1 0 0 15 9
40 0 5 12 4
31 7 10 24 7
14 2 0 46 0
9 27 5 7 1
1 9 3 2 17
5 13 16 9 22
48 26 5 3 7
5 2 14 1 16
1 4 6 13 11
1 0 5 4 8
4 54 9 22 1
22 50 17 9 40
6 2 6 24 2
5 26 11 9 1
1 43 5 6 17
2 9 0 0 8
7 0 2 2 0
3 3 3 1 2
10 6 15 5 15
11 6 0 1 12
0 27 20 18 4
3 2 0 18 0
13 5 1 6 7
2 35 5 3 0
5 20 6 7 6
3 17 7 12 6
1 8 2 18 2
1 6 2 5 6
7 0 0 0 6
9 3 16 9 1
28 18 10 1 37
9 29 7 6 8
1 3 0 11 12
1 7 5 4 16
24 4 5 0 0
2 6 37 0 28
32 15 10 20 3
3 15 2 36 13
2 45 0 17 0
2 19 5 8 0
3 6 7 5 0
7 2 12 14 0
6 12 1 3 16
32 0 2 2 7
0 14 8 9 3
16 10 13 13 2
0 8 3 1 33
6 1 4 5 18
8 5 3 3 5
2 3 19 15 0
0 2 1 1 1
7 3 17 2 6
20 13 2 9 6
14 0 9 5 12
2 31 7 21 0
21 1 8 0 2
44 12 10 1 9
4 8 8 27 12
27 5 13 11 1
6 11 48 8 7
6 23 32 13 15
2 3 7 0 0
0 0 1 5 2
32 0 7 1 59
21 12 11 21 0
0 5 1 1 10
2 22 25 17 4
2 17 4 16 2
29 4 6 4 3
16 2 11 4 1
10 0 0 1 1
20 0 25 9 1
18 14 8 23 5
3 12 9 8 9
5 9 3 5 26
7 4 9 3 9
14 9 1 11 21
19 39 25 20 0
5 29 3 0 2
10 8 2 4 1
15 9 42 12 7
17 21 3 38 0
5 0 7 7 5
3 26 24 14 7
5 4 8 3 21
5 4 2 20 0
36 0 6 6 18
1 31 10 2 1
3 8 0 9 11
7 12 7 14 15
0 4 18 18 17
28 8 15 13 7
10 5 9 36 21
18 9 4 16 18
20 2 2 1 1
9 3 15 4 4
6 13 2 2 7
5 0 23 8 2
15 1 11 3 0
31 1 4 5 2
1 4 10 23 5
4 14 23 16 4
20 0 2 32 2
2 4 3 0 17
2 24 9 19 23
12 2 7 0 29
12 3 21 30 8
5 6 3 32 18
19 11 2 8 4
7 24 7 2 12
7 9 5 1 6
2 1 0 8 0
4 5 5 0 2
16 1 0 8 14
0 3 4 18 1
0 3 8 4 0
6 12 0 24 5
1 3 9 32 37
10 8 2 27 14
8 4 2 3 8
0 5 17 1 10
6 5 15 18 19
7 7 7 19 5
1 5 3 14 0
9 10 10 6 10
2 10 0 13 1
24 3 4 25 11
0 0 9 3 14
14 13 0 1 23
2 10 3 3 2
1 5 26 0 17
7 17 4 2 0
6 0 8 9 13
0 4 1 0 8
2 3 50 2 2
8 8 13 3 3
13 8 11 0 0
0 2 54 0 3
20 5 11 5 6
3 13 1 2 3
6 1 0 2 11
6 3 12 0 3
26 4 2 3 7
0 1 13 3 0
11 0 16 1 9
10 2 5 5 29
6 16 3 38 14
6 8 8 5 0
29 16 8 10 2
20 2 7 1 12
5 3 5 4 13
3 16 29 5 5
10 27 3 0 5
8 1 11 1 19
0 5 6 3 0
2 7 11 22 9
20 3 3 11 15
3 9 9 5 3
0 12 0 7 5
10 4 31 1 37
1 15 20 5 5
16 29 8 14 14
10 9 9 1 13
1 18 0 8 0
0 7 4 22 0
4 2 2 6 0
4 7 1 21 0
2 58 17 0 7
13 8 2 15 8
1 18 12 38 1
2 11 2 13 3
12 10 52 2 4
12 1 4 16 14
4 2 19 1 8
16 21 3 2 26
0 1 3 2 10
43 7 23 6 0
13 13 16 10 5
0 18 17 0 2
4 22 9 1 12
4 2 2 1 7
9 19 27 2 5
9 12 2 3 1
5 14 0 4 8
8 39 1 8 8
11 37 9 0 2
1 6 0 2 2
3 13 9 10 0
1 13 9 6 6
17 2 1 13 7
6 3 3 16 16
15 8 12 11 12
7 1 1 1 11
25 7 12 2 0
11 6 2 0 7
0 22 2 24 4
4 26 2 10 9
16 9 17 3 14
2 2 5 7 2
0 52 7 36 4
0 5 9 13 4
18 7 3 9 5
10 0 11 4 30
6 3 21 3 0
2 15 11 10 3
25 19 2 16 20
6 12 15 2 6
9 1 15 18 16
0 10 18 21 12
1 3 21 8 9
0 11 1 33 7
6 1 2 16 11
29 3 21 0 18
15 1 18 29 1
1 3 9 8 27
9 0 2 30 2
35 30 1 17 14
0 1 2 7 6
7 9 34 8 4
1 14 2 6 5
1 6 1 5 7
7 0 0 0 31
8 1 10 16 8
15 6 0 4 9
8 11 29 11 1
23 9 10 7 1
10 18 7 14 1
7 2 14 7 0
9 12 2 1 15
4 3 3 3 20
12 3 2 11 12
9 14 10 4 11
31 2 8 13 8
22 45 15 5 0
0 2 2 6 1
10 16 5 17 7
3 3 18 6 0
0 8 5 7 26
20 5 2 1 4
12 1 4 3 1
10 14 4 7 5
19 5 0 0 1
8 5 5 2 20
26 7 11 7 20
3 8 3 9 35
3 9 5 20 10
5 0 12 11 11
3 3 5 17 1
1 4 5 3 6
4 1 1 15 2
5 8 6 10 27
9 23 8 3 2
7 0 0 10 13
16 7 1 0 2
20 2 0 32 30
25 5 2 2 12
10 11 8 27 8
10 26 26 0 2
3 9 1 11 0
4 0 8 1 13
1 26 39 6 1
8 3 21 0 3
6 0 3 0 0
2 11 2 11 4
7 8 2 0 0
12 16 6 1 31
1 3 3 7 14
2 13 4 19 1
51 2 0 6 24
9 4 16 22 3
1 1 7 9 0
3 0 31 3 15
0 6 2 15 17
18 4 2 4 13
9 7 4 1 16
4 9 12 32 2
7 10 2 9 6
11 2 6 0 5
2 0 3 10 0
16 1 5 14 1
8 4 1 3 5
40 4 0 6 10
7 11 6 0 1
8 3 2 8 0
15 0 0 16 10
6 9 6 3 2
10 14 0 7 8
2 6 8 5 4
16 7 11 1 4
7 4 4 26 9
0 7 8 3 9
0 9 5 16 4
7 6 5 14 20
10 0 2 0 7
5 9 3 3 30
5 12 21 14 5
9 2 7 19 31
6 1 8 30 5
22 7 12 0 1
25 10 10 3 0
18 18 5 7 1
5 1 6 4 0
2 1 18 16 37
0 2 2 1 17
11 0 26 22 0
5 12 7 14 3
2 16 4 7 17
1 16 8 0 9
6 20 8 25 49
4 6 13 21 3
0 7 7 1 14
13 2 1 9 1
38 7 4 6 1
1 3 2 3 5
10 10 0 1 2
17 1 14 6 17
2 3 1 3 21
1 14 10 19 1
1 14 0 4 11
12 4 7 2 14
17 23 18 1 9
8 1 8 1 38
2 0 2 1 2
2 33 1 5 4
5 1 21 15 21
4 0 8 3 0
2 27 10 7 8
0 11 0 9 17
32 22 2 32 4
12 6 7 6 2
12 1 6 23 0
11 3 4 33 24
11 4 0 4 0
2 5 1 2 4
21 2 0 14 22
14 10 1 4 9
0 25 12 2 8
12 40 5 1 0
22 7 12 2 0
26 0 6 11 5
84 9 8 9 31
4 12 5 5 7
0 2 7 7 3
13 0 5 3 25
3 2 7 3 16
1 12 1 1 0
4 1 1 21 21
12 7 0 38 6
3 5 0 6 60
3 3 2 21 16
6 0 3 8 0
13 4 7 7 5
0 26 4 18 3
41 17 7 4 11
2 1 1 8 0
22 19 8 18 15
7 7 5 80 14
56 19 4 11 4
20 16 1 7 6
4 2 2 24 3
10 6 0 10 0
2 12 2 0 46
23 1 4 6 0
7 2 30 28 4
23 10 20 8 6
0 1 12 16 0
11 5 34 8 31
16 3 4 13 9
0 6 12 0 8
20 12 5 2 0
19 3 8 3 25
1 14 8 0 11
1 18 0 21 1
19 8 9 0 20
6 0 3 6 20
2 17 13 10 11
5 28 2 21 15
3 0 18 9 19
8 3 1 5 0
18 5 3 1 0
1 18 3 1 5
15 2 7 13 9
0 9 8 1 6
4 5 4 0 8
2 7 1 5 9
4 10 16 1 6
6 13 26 12 1
2 6 1 16 4
19 5 4 2 8
3 15 3 0 1
6 4 0 0 3
2 17 1 7 8
5 18 15 13 3
4 10 5 5 2
19 19 1 37 2
3 6 22 1 16
7 1 5 1 4
8 11 4 0 3
18 0 18 4 2
19 2 19 3 21
20 0 85 3 0
32 22 9 4 4
44 10 19 5 10
25 55 7 8 3
8 4 5 6 0
30 3 5 6 22
37 17 26 7 6
14 22 4 13 2
8 5 16 1 2
1 54 9 3 13
4 23 3 13 2
35 6 6 14 36
0 16 7 2 3
3 2 0 1 3
41 2 0 0 0
12 4 2 4 15
5 0 22 6 6
1 0 1 3 2
30 1 15 5 15
24 25 19 3 29
12 4 11 4 14
6 29 21 1 20
10 10 2 2 3
1 9 8 7 8
1 13 11 25 10
0 1 18 19 0
2 1 10 3 6
7 3 38 1 4
36 11 10 5 4
2 6 0 21 11
1 3 1 0 1
3 3 12 1 15
35 9 6 16 17
5 7 3 6 16
6 11 1 2 29
4 6 9 12 18
4 3 3 1 0
3 15 5 8 3
23 12 10 6 0
20 5 0 0 7
0 6 15 23 6
4 7 28 4 4
10 6 3 7 3
20 1 7 8 25
16 0 11 6 0
7 1 2 0 0
2 22 19 1 1
2 21 16 12 9
5 10 0 10 16
21 5 11 0 18
31 3 8 13 14
29 6 3 4 15
1 12 3 18 13
6 9 14 4 13
14 7 1 2 8
6 1 0 8 14
12 4 10 10 1
7 8 5 20 3
4 8 7 2 11
19 8 14 8 7
0 7 10 2 2
4 13 0 4 9
7 3 3 16 17
12 0 5 4 13
2 5 9 9 3
14 18 16 12 6
7 7 4 3 6
14 3 3 3 7
3 11 8 5 7
6 0 2 1 12
12 13 9 1 29
20 2 6 0 9
6 2 25 12 3
14 9 3 1 9
40 26 8 11 2
0 24 1 2 14
2 9 4 8 7
1 3 0 17 3
21 1 23 23 2
17 13 4 4 8
2 1 5 0 5
9 13 18 7 9
25 15 27 7 43
7 5 31 2 14
11 15 3 5 13
13 2 10 15 7
1 7 12 1 3
13 22 23 5 1
6 0 0 12 1
26 15 2 10 3
2 3 17 4 16
20 1 2 2 9
12 2 1 3 11
0 2 2 6 12
3 4 0 8 5
23 10 6 1 12
2 3 8 9 3
14 3 12 4 0
5 1 1 7 20
42 16 7 1 7
3 5 4 15 1
3 1 0 9 42
14 34 1 4 7
19 4 11 7 6
8 11 17 17 0
0 3 2 6 7
11 5 12 8 0
4 1 41 48 18
0 6 11 2 5
2 3 5 1 23
3 5 0 46 12
13 28 2 0 2
1 10 9 0 9
0 2 14 17 1
10 9 6 2 7
0 14 15 18 4
0 11 0 22 1
0 30 1 30 9
20 18 36 12 3
50 1 6 4 0
11 0 8 2 6
3 20 4 6 14
13 14 15 8 3
21 1 2 10 23
13 1 1 6 9
4 2 35 0 13
25 0 11 16 12
9 0 33 18 13
22 7 29 5 7
19 0 3 30 16
17 3 0 0 5
10 16 5 15 19
8 3 0 5 7
8 5 22 22 12
10 7 2 21 2
6 6 7 9 1
2 11 26 7 8
3 11 3 0 0
16 30 10 12 2
6 4 12 22 12
2 2 13 1 6
32 1 3 11 58
5 21 11 16 0
11 22 4 8 2
33 0 8 13 0
7 9 5 15 18
2 7 12 40 2
18 2 1 28 24
7 11 14 3 2
15 18 19 21 0
13 2 17 22 2
4 20 8 5 14
6 5 0 6 7
14 1 7 2 7
22 3 21 13 2
3 1 4 5 16
13 7 28 14 28
17 6 8 0 5
10 3 3 3 5
10 1 24 39 8
4 13 1 33 10
5 14 11 7 6
4 0 10 3 9
4 0 0 13 8
2 0 1 0 2
1 1 1 8 3
3 6 1 22 9
7 1 1 3 6
15 3 3 5 22
5 10 0 57 7
8 2 6 11 4
13 39 3 5 12
3 16 15 8 15
7 11 1 1 11
9 1 32 0 1
15 11 43 15 0
14 4 3 7 12
2 4 0 22 7
7 14 0 1 10
6 1 30 17 1
38 2 11 6 14
8 7 13 6 5
18 8 21 6 0
1 1 12 6 5
5 11 5 7 10
0 41 1 4 6
27 7 5 38 7
12 2 10 11 20
2 18 27 32 3
11 5 3 4 9
6 7 15 37 15
1 0 3 2 21
7 12 25 1 50
12 18 24 4 16
6 5 0 0 1
4 1 1 13 9
5 4 0 1 15
2 12 11 20 4
7 16 2 8 0
4 0 1 0 11
12 21 1 20 0
19 3 8 0 17
12 9 8 0 2
0 9 17 15 1
4 5 9 1 0
6 3 2 3 8
7 0 5 10 9
2 0 3 12 7
13 3 6 3 13
38 3 2 6 2
14 12 4 14 7
0 30 9 13 7
0 2 5 4 6
12 2 0 3 11
30 17 9 2 0
25 3 4 5 36
6 11 2 24 1
9 33 2 3 4
28 18 0 0 8
29 19 1 18 11
6 9 19 1 5
14 17 0 24 3
0 9 12 3 0
19 0 12 19 6
21 11 10 2 4
1 0 11 2 16
11 8 19 3 0
12 9 19 0 32
9 4 2 2 3
5 6 8 4 0
4 3 40 58 2
22 19 19 4 26
47 8 9 1 9
3 2 4 31 4
3 20 6 5 21
2 9 4 1 5
5 10 6 8 4
1 0 14 2 12
0 1 1 2 14
23 8 2 21 10
6 0 1 17 6
12 36 14 3 3
4 4 13 12 11
0 4 2 4 4
1 29 7 7 8
11 0 25 12 8
7 3 8 1 9
1 0 7 2 13
9 3 5 0 0
2 7 33 23 0
2 0 0 4 4
14 6 43 0 2
2 11 1 3 23
4 0 3 34 24
3 12 5 7 11
5 17 9 1 25
0 10 8 11 0
14 4 0 12 12
35 6 4 1 1
3 18 4 2 0
0 29 16 8 6
14 1 15 3 0
0 0 30 3 5
29 0 14 38 1
23 27 3 13 15
7 3 17 12 4
7 4 0 3 7
9 18 16 16 6
8 10 5 27 19
2 7 5 14 6
0 19 3 7 13
19 7 4 7 7
6 7 6 2 7
25 2 41 14 2
23 0 0 3 8
25 4 10 18 11
5 0 19 9 2
29 1 24 10 11
10 1 19 8 12
14 6 0 11 2
3 6 1 0 2
19 26 6 6 7
3 0 5 2 21
15 2 3 1 23
2 1 19 16 3
2 3 17 4 1
2 2 5 16 0
3 0 35 13 11
12 7 3 7 15
1 15 2 10 2
0 4 2 0 9
7 7 14 5 2
2 4 12 46 12
5 16 15 20 5
11 0 3 0 14
6 15 12 22 2
1 6 13 3 3
0 9 1 8 6
2 2 1 1 6
2 14 29 13 1
7 18 3 3 4
1 2 6 1 31
4 1 2 5 7
5 50 0 6 1
1 2 13 0 0
5 0 7 0 17
15 5 0 6 18
4 3 6 30 4
10 11 19 1 2
13 3 1 3 10
18 6 1 3 12
2 3 3 4 3
3 0 1 10 1
27 8 22 2 5
37 3 6 3 5
16 20 1 1 1
2 1 14 0 3
3 9 6 24 10
10 1 2 18 6
39 15 2 3 1
8 23 2 3 3
0 2 3 4 1
7 17 6 20 12
9 6 1 6 6
21 1 5 17 6
2 0 0 0 11
7 3 6 15 14
1 1 12 27 16
3 11 11 4 2
0 33 32 18 2
1 13 2 27 4
24 10 1 22 3
0 5 9 1 1
50 34 11 1 0
1 36 0 2 4
22 5 2 3 12
15 11 0 27 18
2 9 3 0 14
7 10 3 6 3
3 35 6 5 20
7 5 1 9 17
4 5 0 3 13
0 4 3 7 15
22 2 8 13 5
0 49 2 15 3
1 11 11 1 13
1 10 25 9 32
2 2 13 0 3
3 3 11 4 80
3 14 0 16 22
19 12 25 16 1
6 11 1 9 39
8 3 9 8 0
8 22 6 16 4
0 2 22 3 9
5 0 9 9 52
13 14 10 8 0
7 4 0 0 1
33 14 12 12 10
8 1 0 10 3
4 1 2 5 6
34 11 3 10 49
1 2 0 6 20
4 7 2 4 5
2 14 2 6 6
0 6 0 17 1
0 26 11 16 5
11 4 9 7 4
18 25 1 9 7
5 6 14 2 35
6 4 2 14 1
0 3 6 2 21
7 3 3 17 2
4 0 26 36 1
5 9 5 12 24
11 0 11 19 1
8 20 4 7 2
2 23 12 4 9
1 17 7 8 7
1 8 4 1 13
3 15 8 15 4
0 0 4 2 23
2 20 4 2 3
9 4 5 11 1
0 9 3 4 22
0 18 1 23 17
3 8 0 13 11
6 3 9 12 5
13 2 16 2 7
11 14 1 8 1
1 7 3 4 9
1 10 14 2 5
10 4 0 5 18
1 24 21 5 10
1 16 15 10 1
4 1 0 3 30
2 6 10 16 17
9 15 21 22 0
6 0 12 2 6
8 1 4 8 17
3 28 2 33 4
3 6 18 14 0
7 0 12 16 3
3 1 15 14 3
1 9 0 7 4
17 0 30 27 0
3 0 9 6 0
4 8 12 7 3
17 24 9 6 0
0 13 2 1 4
10 17 2 2 14
10 7 16 28 8
18 13 3 23 15
0 11 0 1 15
7 2 20 52 1
10 11 0 12 34
10 6 2 11 9
1 1 6 26 5
25 3 1 14 3
22 5 11 28 3
9 0 17 17 11
27 43 2 6 11
10 4 5 3 24
7 2 2 30 3
19 15 7 2 2
8 23 20 13 2
2 3 22 0 12
1 2 1 4 7
17 17 15 0 4
1 17 29 24 0
2 47 3 7 12
1 0 4 9 0
0 11 8 8 56
3 7 6 3 1
0 7 8 2 4
21 10 7 1 2
4 5 7 7 6
9 4 7 13 7
16 1 5 13 9
2 14 4 7 16
5 27 0 0 2
0 6 2 8 23
5 5 7 3 0
14 3 1 1 14
2 6 3 5 56
0 28 7 0 14
2 29 0 5 28
0 10 0 10 5
14 9 20 23 2
34 2 10 19 0
3 1 8 19 10
25 13 2 3 1
9 3 8 10 2
0 2 28 8 10
35 4 7 2 14
5 7 18 6 2
18 3 2 0 3
13 1 0 4 3
0 1 3 6 8
15 11 11 19 10
4 12 0 21 9
3 15 6 5 11
17 2 4 18 20
1 14 4 4 6
4 8 9 88 3
0 4 4 12 8
6 18 3 8 9
2 3 1 69 2
2 24 0 7 0
1 1 11 2 17
0 42 3 10 9
21 0 0 4 8
9 28 14 13 3
3 12 1 17 6
13 13 15 2 10
18 1 1 0 30
18 4 8 14 24
9 14 0 14 7
12 1 6 0 7
0 52 0 0 34
6 7 0 18 5
5 8 1 2 1
6 15 0 2 2
5 7 5 36 5
3 13 9 19 5
1 5 0 29 1
11 13 8 5 3
8 11 16 4 10
3 26 2 4 7
26 13 19 1 5
4 24 9 3 18
9 18 7 7 0
8 1 10 5 3
1 14 11 5 15
10 0 20 3 2
8 7 1 2 4
14 14 20 3 48
2 30 1 6 4
38 13 5 32 2
4 12 3 10 6
24 6 3 10 5
15 4 18 9 14
25 2 8 36 7
9 7 6 9 2
2 9 9 6 9
22 15 9 42 7
1 9 15 20 37
0 12 5 7 12
3 10 13 32 18
12 1 2 1 13
0 23 2 13 0
5 8 31 36 18
29 4 0 5 0
1 2 4 1 3
5 8 25 10 28
4 14 10 7 2
1 30 2 7 9
6 4 13 6 2
2 18 1 3 5
37 0 26 16 9
12 2 16 0 14
5 4 0 14 2
31 61 6 7 10
0 2 4 9 0
6 9 3 7 18
4 3 24 11 4
8 13 1 11 3
1 18 28 3 11
10 28 14 15 19
24 12 4 5 7
3 2 28 5 17
13 0 0 16 13
37 0 19 0 13
1 0 4 32 3
17 1 18 41 14
4 13 34 4 12
8 9 14 0 10
11 4 19 0 27
0 6 6 8 4
6 7 9 7 0
5 14 0 0 1
0 8 0 25 9
9 33 5 11 1
2 25 1 12 0
18 14 16 17 1
28 20 1 33 35
0 7 21 20 12
2 1 24 2 3
2 17 11 13 11
4 24 15 10 1
1 10 9 5 9
9 2 16 3 37
2 10 1 8 2
21 7 1 12 6
15 9 2 31 2
6 13 2 0 21
18 3 0 1 1
32 9 4 10 11
6 4 41 28 9
13 1 21 2 8
17 4 4 1 4
47 7 10 16 0
0 15 11 5 0
9 5 5 5 21
15 4 4 15 11
3 3 2 9 1
4 10 9 2 2
9 11 11 17 4
0 14 9 15 21
1 13 0 6 0
15 3 4 0 2
2 0 24 9 4
7 21 10 1 0
9 1 0 8 17
2 8 10 19 1
4 5 2 20 4
32 5 7 3 0
4 2 14 3 4
2 0 8 2 6
0 6 6 0 5
10 10 12 7 1
6 2 3 1 6
0 16 18 0 8
13 21 11 32 21
12 20 3 10 0
0 3 1 16 11
3 3 33 11 0
0 17 31 2 1
11 13 9 0 4
10 1 2 10 6
1 13 15 1 9
11 3 3 6 20
4 9 22 0 0
13 13 18 17 32
10 2 8 0 5
25 6 10 24 26
11 3 23 1 1
14 6 21 4 0
6 10 9 4 3
9 7 8 9 4
6 0 45 3 27
3 6 11 2 0
4 10 1 10 0
14 12 27 6 12
6 15 1 5 4
1 4 12 7 6
19 12 2 0 13
2 3 4 9 1
27 1 11 24 27
1 4 24 49 0
11 0 1 18 10
10 0 4 5 0
7 0 36 16 20
6 10 3 14 10
1 1 0 8 4
3 4 3 18 9
12 5 4 14 11
1 0 9 15 40
8 6 5 27 26
5 1 0 0 4
9 2 0 19 2
4 14 11 4 20
4 8 5 17 14
7 13 7 6 11
6 4 8 1 16
9 6 15 16 1
7 26 9 10 12
2 8 0 2 8
1 1 17 8 2
17 5 12 11 15
34 3 3 4 3
9 6 28 22 5
21 19 6 13 6
11 0 4 6 11
6 21 19 13 12
18 9 9 3 1
5 4 10 7 2
10 2 36 2 17
6 15 4 2 2
6 0 1 1 3
10 9 3 0 6
25 3 2 11 41
8 2 19 8 23
3 6 1 0 0
9 4 11 13 14
7 7 0 8 13
15 8 2 3 12
7 1 11 10 13
3 8 2 12 3
0 3 18 6 5
16 1 3 9 8
0 8 6 2 1
9 0 28 1 3
4 6 42 5 0
0 0 1 8 5
8 5 10 6 12
22 1 6 11 2
1 6 0 8 7
4 27 20 7 1
26 11 5 1 10
0 2 6 4 4
0 5 37 12 1
6 3 9 11 0
1 5 1 1 17
15 42 3 2 17
8 4 4 18 7
14 7 11 0 0
6 17 4 7 0
13 7 0 35 32
12 4 0 12 17
21 5 3 1 0
7 16 2 1 2
17 11 4 1 25
0 9 12 41 2
11 8 13 10 17
0 0 11 5 10
3 17 8 0 1
8 0 7 0 3
39 22 26 54 11
0 1 11 6 19
16 11 4 7 9
43 3 18 20 1
5 7 2 29 2
5 0 6 10 2
6 32 9 24 3
24 1 0 6 0
1 13 39 3 1
0 5 16 0 17
2 2 10 11 0
24 12 3 0 3
5 2 22 14 14
7 10 5 7 2
3 10 5 12 5
5 5 19 2 8
1 6 26 2 9
5 10 8 4 0
0 3 4 8 0
6 1 2 1 21
5 12 6 14 27
6 11 2 6 5
1 12 0 8 9
21 11 12 1 8
11 1 15 15 8
22 7 8 16 20
6 2 6 4 2
0 9 13 14 10
4 22 26 2 6
17 1 11 15 4
5 22 16 11 3
46 24 11 2 8
2 2 20 4 8
21 35 5 21 28
20 11 20 3 1
15 6 10 18 4
10 33 10 5 19
5 9 28 26 6
7 0 27 10 3
34 17 14 32 10
0 0 6 1 2
0 10 1 1 0
3 3 0 11 6
4 6 15 35 3
2 3 0 2 30
0 0 5 24 9
4 0 5 7 0
5 6 5 2 3
2 17 22 11 5
11 19 1 0 6
5 17 5 4 2
2 2 13 3 11
15 0 5 6 4
6 0 10 45 5
12 18 0 1 4
3 12 1 3 32
20 39 6 24 12
11 6 8 0 7
10 1 4 9 26
2 8 14 1 14
0 14 2 64 0
0 1 14 11 36
7 22 13 5 13
5 0 0 15 12
18 4 5 3 0
21 14 2 20 5
3 0 12 2 9
12 2 5 2 1
47 2 15 19 7
29 31 13 17 8
10 41 4 1 1
15 2 17 16 11
1 1 7 1 12
10 2 4 2 2
0 3 1 2 1
3 41 3 13 3
5 1 18 0 43
11 6 7 11 3
6 40 6 8 7
4 2 4 9 10
9 6 5 15 7
36 3 0 13 8
11 3 12 1 0
4 12 8 8 24
15 24 17 8 3
0 0 6 16 2
10 3 11 11 2
21 13 9 1 10
4 2 11 19 6
0 7 30 13 2
0 6 4 3 4
19 1 2 13 2
5 4 9 19 8
0 7 6 3 8
5 11 3 8 6
31 0 24 8 8
58 0 12 2 7
17 2 1 4 0
4 3 3 8 17
2 22 5 9 9
4 1 1 16 4
0 16 2 8 24
9 11 9 3 3
9 8 20 0 4
15 7 17 4 0
14 7 40 8 11
6 7 5 4 35
30 12 1 0 5
2 10 7 60 4
14 0 4 14 4
1 1 21 10 14
10 5 8 3 0
2 1 10 5 2
7 1 0 5 8
5 11 0 14 4
0 4 38 8 8
0 8 0 3 3
4 6 5 5 11
8 18 21 3 6
7 2 0 4 2
12 10 1 1 2
18 21 7 28 1
8 8 5 18 0
0 13 3 7 3
2 7 38 0 11
18 10 8 0 5
0 53 10 16 2
5 1 5 9 2
6 7 18 8 1
1 1 12 3 3
5 10 6 1 2
20 10 23 0 4
13 0 6 0 10
24 1 22 2 16
4 14 16 6 2
23 3 10 0 0
15 7 5 35 3
