8 5 1 6 0
1 15 2 17 21
4 19 3 7 13
4 27 23 1 18
0 13 0 5 23
3 8 7 0 1
14 12 32 2 8
5 0 2 13 18
0 6 10 9 3
6 15 11 18 3
10 0 2 0 10
6 5 6 15 7
9 6 18 15 12
13 1 21 1 10
19 25 9 9 14
8 15 2 7 14
5 8 4 0 6
5 12 1 2 11
0 3 17 1 5
13 9 3 1 5
16 12 28 18 7
3 0 9 1 6
1 13 8 14 4
29 0 21 6 5
1 21 16 4 2
34 10 18 24 0
1 34 6 5 0
3 2 15 2 24
6 4 17 3 20
34 5 5 15 17
6 3 43 26 9
10 9 5 6 0
13 3 0 1 3
4 0 0 18 50
13 13 1 20 2
3 23 47 12 12
2 9 2 19 5
7 9 0 32 2
57 1 3 4 7
12 6 17 19 24
6 7 6 26 4
21 11 1 2 21
3 9 20 34 1
37 20 18 12 6
11 3 1 7 43
7 21 0 27 22
10 46 1 10 4
1 29 3 2 3
2 10 5 2 11
15 7 3 6 6
7 16 0 7 8
4 6 12 24 12
11 5 12 24 17
26 3 4 6 4
8 2 6 1 10
25 4 5 32 11
2 13 0 2 9
32 4 1 36 2
19 0 5 5 6
3 7 10 19 68
11 7 4 1 11
6 20 0 6 9
11 2 21 7 22
2 5 0 2 11
3 10 2 2 0
40 13 23 1 0
15 0 2 6 2
4 6 3 3 8
2 1 2 5 8
9 9 2 4 15
3 0 1 19 16
5 11 2 8 14
0 5 1 9 5
11 17 24 7 14
2 8 21 8 16
19 0 5 4 8
10 35 4 3 26
8 20 2 7 18
0 4 27 2 1
10 3 5 0 17
37 17 10 14 33
3 5 7 3 7
11 4 19 2 36
26 0 7 9 6
2 0 15 23 24
0 2 1 4 13
2 3 15 1 38
29 5 0 20 12
5 6 9 3 5
9 4 2 18 8
0 0 3 9 4
8 5 9 18 14
8 4 6 6 1
27 15 16 3 6
14 1 16 14 1
5 5 13 20 2
0 16 1 1 4
10 13 5 0 10
12 4 1 6 4
14 2 3 1 13
31 14 0 1 4
7 5 0 5 4
1 9 9 22 18
12 3 4 0 1
0 5 3 6 3
5 1 13 2 0
14 3 0 2 15
0 15 32 15 4
8 0 4 2 2
1 4 2 26 5
5 7 23 1 8
4 34 0 13 9
2 31 2 4 3
29 3 21 16 0
3 2 34 21 5
7 1 3 12 19
17 5 9 1 24
21 20 20 0 13
9 1 0 2 2
10 3 0 8 34
4 1 15 30 8
17 0 7 0 14
1 3 0 10 2
16 3 8 9 2
5 0 1 1 1
12 5 8 0 10
0 4 6 20 5
7 18 8 14 1
10 4 4 8 2
14 6 19 8 1
0 7 4 14 1
1 14 3 4 1
11 5 14 2 1
2 29 0 14 18
0 1 1 0 5
13 9 0 0 15
7 2 21 2 0
8 40 14 8 2
28 2 5 0 1
6 1 1 1 4
14 4 6 0 3
6 6 3 8 4
12 0 9 22 8
26 3 1 10 1
16 34 1 1 2
6 2 6 0 9
18 14 2 7 6
1 1 22 15 0
12 11 9 8 22
5 8 1 3 0
3 16 7 18 13
7 2 10 3 10
5 0 0 9 28
13 42 30 10 58
6 8 5 35 8
5 11 23 10 0
24 21 59 2 10
0 2 1 26 1
1 4 0 8 7
5 14 4 10 1
3 14 2 8 4
0 1 9 3 8
9 9 11 9 8
8 0 6 0 15
2 1 5 2 9
0 6 18 23 0
0 1 7 1 11
6 38 3 4 6
6 12 4 28 5
22 6 12 2 35
14 8 8 1 47
9 0 0 9 2
22 5 10 36 0
0 2 16 3 1
15 1 39 2 3
12 13 1 12 15
4 5 1 5 12
2 6 9 10 42
6 0 3 10 1
10 19 35 0 4
10 13 12 24 16
2 6 0 5 5
30 7 2 2 9
4 6 5 16 16
10 8 19 18 4
41 19 0 4 18
7 0 5 1 1
0 17 4 1 4
1 2 6 4 15
3 10 9 6 1
5 19 13 9 2
5 14 2 4 26
21 7 13 15 4
22 4 6 1 22
15 17 30 34 33
1 18 2 3 13
4 15 2 0 6
6 17 12 0 13
5 11 5 2 3
4 20 6 2 3
17 7 10 7 17
11 6 15 21 13
11 0 13 0 8
5 2 5 3 0
19 12 0 14 3
5 11 2 7 3
10 1 6 0 23
8 12 23 1 11
15 5 12 4 20
13 1 0 6 1
0 7 8 2 26
19 16 12 5 2
17 3 4 16 6
16 4 10 1 3
0 8 37 23 1
1 4 2 5 7
9 1 25 10 1
6 1 6 1 20
12 33 1 0 12
4 2 0 6 6
7 10 1 17 8
0 23 2 1 8
3 4 15 26 29
2 3 7 0 1
13 16 0 4 20
17 0 3 2 16
15 15 20 15 7
4 5 3 23 10
5 9 1 12 12
20 21 15 8 2
1 3 34 10 41
0 16 16 22 2
12 0 14 12 9
20 5 3 18 4
1 16 6 0 1
7 6 24 0 19
11 22 0 15 4
28 1 25 27 3
3 14 7 6 1
8 12 9 1 12
8 6 8 3 10
25 5 3 3 16
4 5 33 5 1
13 25 4 19 3
4 4 1 6 3
0 0 1 25 0
10 19 12 2 3
5 27 3 9 0
5 13 34 2 2
3 7 19 5 7
6 7 6 19 2
7 22 3 3 0
69 2 4 11 4
10 10 11 8 0
2 6 15 6 21
0 9 2 11 1
0 1 29 3 18
3 1 11 20 6
4 2 10 7 6
5 3 3 20 1
7 8 2 2 0
1 29 5 7 21
9 6 15 9 12
17 6 4 1 6
10 0 12 4 17
1 0 1 2 16
7 7 13 3 18
2 4 16 23 4
27 5 1 2 16
4 10 11 18 21
0 3 6 12 40
12 3 0 19 3
3 3 1 3 0
5 15 4 3 1
2 9 8 12 4
3 6 26 3 0
7 7 14 3 24
11 9 28 13 0
16 1 0 2 3
4 15 4 4 2
4 3 4 24 2
13 1 9 9 17
0 3 4 7 3
0 3 6 2 1
15 18 2 4 5
9 10 22 22 5
21 4 2 30 11
6 32 0 6 3
1 13 1 17 3
4 2 17 21 0
21 21 1 8 3
11 32 1 8 6
3 1 3 7 6
0 2 25 12 9
16 0 2 0 16
4 11 1 2 0
3 14 1 11 2
28 2 1 18 2
3 21 6 2 4
15 16 15 10 3
7 14 8 0 3
5 11 12 14 10
3 13 9 18 8
0 3 2 10 5
10 5 2 9 9
6 3 20 2 2
1 4 3 0 2
5 4 27 1 1
22 6 9 16 7
4 7 29 14 16
4 10 9 15 1
11 2 3 1 2
3 10 9 1 6
1 26 5 6 0
9 13 42 10 22
7 1 2 2 4
17 2 4 2 23
9 4 7 15 0
5 2 1 1 37
2 4 1 11 14
9 0 4 6 4
0 5 0 10 2
6 3 0 4 5
1 2 4 6 18
1 16 5 1 27
3 2 14 15 2
10 1 1 4 22
2 3 8 3 16
12 12 5 1 13
1 30 13 11 2
7 13 3 1 13
11 12 3 23 11
3 3 1 48 17
6 14 21 1 9
19 4 0 8 6
0 5 14 7 4
4 14 6 4 0
5 3 7 2 1
1 4 5 15 3
5 36 1 8 4
6 11 25 1 2
37 11 2 9 0
8 5 8 6 22
9 8 29 4 1
19 1 34 26 7
25 7 27 3 4
24 21 1 0 1
7 3 0 4 0
3 0 2 10 30
13 1 0 10 3
0 2 32 14 0
6 12 15 4 6
6 6 5 10 1
8 22 22 4 10
13 9 0 0 1
48 1 12 9 2
4 21 7 0 22
16 2 2 3 4
2 2 4 8 2
24 0 5 8 6
15 0 4 14 1
14 0 26 2 3
11 12 9 43 1
16 0 22 20 2
23 0 2 12 11
26 14 17 8 1
5 21 13 2 4
3 11 3 2 5
0 3 0 14 0
6 18 2 18 24
2 13 0 2 6
0 19 13 18 15
0 4 17 15 13
18 23 9 0 14
4 9 4 11 53
23 22 7 11 3
2 19 2 15 15
4 29 3 5 22
6 2 19 5 3
3 4 6 6 6
13 7 12 1 0
3 5 22 8 2
11 25 17 34 13
2 0 1 0 3
5 3 3 11 3
24 9 2 15 0
6 0 18 4 41
7 3 1 4 32
0 8 0 3 5
8 12 0 8 23
14 8 10 30 31
19 16 19 1 1
7 11 9 15 4
3 18 11 11 36
29 1 5 4 10
9 4 3 10 9
6 4 41 44 21
7 34 4 15 4
9 22 11 13 8
11 14 11 5 4
2 1 16 10 1
23 6 4 4 2
11 18 7 15 13
12 16 16 5 11
4 1 10 8 5
1 1 25 0 25
19 0 18 6 24
1 2 21 3 8
10 4 11 1 20
7 0 11 3 5
4 23 41 5 6
2 3 6 3 5
3 1 7 4 1
1 6 10 20 5
3 11 8 4 10
19 6 0 10 2
4 3 9 14 2
2 1 0 1 15
6 5 17 17 7
6 5 3 16 10
23 36 15 0 2
16 0 3 14 2
40 11 16 3 4
5 5 14 0 21
1 10 25 4 16
17 4 16 2 9
26 29 3 20 3
2 32 14 2 3
8 0 15 4 13
33 6 0 5 1
6 6 8 21 21
6 5 25 17 8
32 10 9 1 10
6 35 9 12 4
4 2 12 11 0
0 3 3 10 14
12 25 16 0 8
4 10 13 12 13
7 6 3 6 1
1 4 17 0 4
15 13 14 17 1
5 14 5 1 34
6 11 20 5 19
11 26 14 1 10
2 0 11 0 8
1 3 9 15 9
17 0 3 7 0
16 9 0 0 9
7 8 15 4 8
24 3 15 1 9
7 0 0 22 6
12 0 0 24 3
15 7 3 5 1
3 1 3 8 10
18 6 9 2 16
10 6 2 7 11
2 4 0 17 5
20 11 2 17 22
13 4 14 0 11
1 9 4 12 4
15 4 5 4 24
7 17 3 3 5
0 6 23 9 1
11 12 14 4 1
10 5 0 4 3
1 7 0 12 10
3 11 9 9 0
10 4 10 11 9
0 0 1 1 1
37 9 0 13 7
12 16 4 6 4
3 20 4 17 2
1 22 1 13 3
17 46 5 24 1
26 14 2 12 0
3 13 0 1 4
7 28 3 1 4
1 3 7 5 0
11 18 33 0 3
13 18 18 16 5
19 2 16 6 3
2 0 9 13 11
6 24 23 4 1
11 0 7 11 14
2 26 4 2 7
2 16 10 6 13
1 0 8 15 57
13 8 2 6 4
6 6 13 2 24
18 4 3 8 2
0 8 20 10 19
12 3 3 1 15
5 5 28 9 7
1 1 17 0 14
4 3 6 0 6
11 3 12 12 26
18 20 0 5 3
1 2 6 2 13
2 23 5 24 3
0 11 1 30 4
0 0 11 6 2
8 18 2 2 22
3 0 0 1 6
13 8 4 7 12
22 16 5 1 0
1 8 9 46 11
11 32 2 5 14
23 10 2 14 0
6 4 36 17 35
18 12 4 6 8
0 4 7 2 3
0 47 1 49 30
6 0 30 0 12
0 12 0 11 14
2 29 5 18 14
7 11 4 7 13
11 12 1 46 16
13 10 1 0 3
6 1 27 13 1
2 33 0 24 5
17 12 4 2 10
7 3 0 31 5
13 25 8 5 16
7 2 0 25 3
23 8 3 2 4
3 4 45 5 11
5 8 2 0 16
4 1 3 8 14
5 1 24 1 1
16 1 8 25 0
3 19 2 29 6
4 13 8 0 5
26 2 5 15 14
21 1 38 3 32
1 4 4 6 1
32 3 0 13 9
14 29 6 26 9
1 2 12 0 2
0 1 2 13 2
23 6 0 1 0
5 30 4 5 0
25 57 3 7 9
8 1 9 7 4
14 2 0 6 25
12 2 4 1 0
5 52 19 0 13
20 4 5 1 1
20 3 5 13 1
16 5 0 8 6
4 15 6 6 8
4 9 1 3 5
21 10 11 42 23
9 11 3 7 14
5 9 4 29 4
17 6 7 1 6
1 18 0 10 10
1 1 9 16 14
12 4 10 8 24
3 4 8 1 11
4 26 7 22 2
4 1 9 1 7
6 6 14 13 6
0 5 32 6 2
2 0 0 0 0
4 3 11 4 7
13 14 13 1 16
7 0 6 0 1
1 7 12 25 0
9 8 4 0 10
14 4 2 2 1
12 5 11 32 3
46 0 1 1 18
1 25 12 1 2
20 3 9 1 2
47 6 1 13 3
2 5 9 11 4
2 3 7 11 12
1 16 9 10 2
1 7 2 0 6
4 14 14 72 1
6 12 7 5 10
1 4 9 4 0
4 10 1 5 2
17 21 14 3 5
0 6 13 28 8
1 3 7 0 3
11 9 11 5 5
1 4 27 13 5
8 1 0 4 2
1 18 5 6 5
18 10 4 4 16
20 20 1 9 7
15 1 21 6 7
8 7 18 3 9
11 8 5 4 13
26 12 24 15 30
13 20 4 7 8
11 11 0 1 6
3 0 13 0 1
45 0 21 7 9
28 5 1 2 2
6 12 9 5 0
19 13 2 8 2
5 1 25 17 2
8 5 3 2 1
25 0 3 15 4
46 0 12 19 9
0 0 1 6 15
2 2 20 3 12
2 4 1 3 0
3 0 2 17 17
1 1 3 8 15
3 11 11 4 23
27 2 11 1 8
15 12 17 4 11
3 31 7 12 0
3 15 7 18 10
17 23 0 13 3
13 8 30 3 37
4 4 7 22 1
6 18 22 9 1
5 0 6 3 18
1 1 9 10 14
10 4 4 13 5
2 3 5 10 3
0 16 1 19 8
2 0 21 4 1
12 12 17 2 8
1 7 4 30 31
0 3 15 16 3
0 5 12 1 7
17 33 7 0 2
10 0 7 21 11
5 0 13 5 6
8 16 2 4 11
2 12 9 9 18
15 0 4 5 1
28 5 0 7 21
0 3 21 6 1
0 5 1 9 3
18 3 6 34 1
8 1 3 10 5
6 23 3 2 3
24 2 15 11 34
7 1 8 5 1
3 16 5 17 0
1 17 3 16 10
3 9 1 34 0
2 7 11 12 4
4 1 1 3 11
8 6 0 0 5
9 10 9 0 7
15 11 6 10 1
22 6 4 7 6
2 17 6 13 3
2 16 37 13 5
16 11 5 25 2
6 1 0 4 9
0 7 5 0 8
16 0 10 19 18
11 0 0 27 3
7 10 15 5 14
3 62 2 9 0
42 22 10 11 1
2 33 2 4 7
1 13 1 1 11
1 30 5 11 2
2 1 10 15 3
17 29 2 10 1
9 0 2 3 0
7 1 35 9 11
1 14 7 3 16
3 3 13 23 6
37 0 3 2 5
6 69 9 0 8
5 19 5 6 11
25 8 13 1 4
8 33 6 5 8
5 4 4 26 1
19 1 7 0 7
34 2 8 4 1
2 8 5 0 20
16 3 2 11 4
32 1 7 0 4
4 0 1 21 5
0 2 8 9 22
7 3 10 8 2
2 12 1 1 0
4 35 23 0 28
1 10 1 3 5
2 4 32 1 20
9 22 1 7 21
3 5 8 7 1
1 9 3 0 24
0 4 15 5 14
5 32 3 36 1
0 2 31 5 2
3 0 5 23 7
10 3 5 15 10
16 14 7 28 6
9 30 22 11 2
3 1 22 1 32
8 6 6 16 2
16 6 8 20 10
2 1 6 8 29
4 19 5 2 17
18 31 1 0 24
23 4 15 3 11
1 1 19 10 11
1 5 0 1 9
5 5 4 1 8
5 8 7 8 18
5 9 14 0 0
18 2 3 15 2
2 3 3 7 11
5 6 13 1 14
1 17 24 13 2
9 3 0 2 6
2 7 43 8 6
1 7 18 16 6
8 10 2 21 5
18 4 9 6 1
11 5 8 2 32
33 12 11 2 8
0 5 8 8 1
3 9 0 8 1
21 1 25 5 8
9 9 21 19 28
5 25 1 5 8
3 0 15 0 2
7 7 12 1 10
0 6 12 2 4
0 6 20 9 0
16 1 0 8 34
40 14 4 78 12
18 8 0 8 13
0 33 8 8 14
6 0 1 8 5
15 3 17 16 0
8 32 27 0 3
12 2 2 9 12
7 1 27 4 4
0 2 11 2 5
17 9 15 4 9
0 8 23 4 7
0 0 48 5 5
4 8 2 6 0
15 9 14 9 2
27 12 7 22 9
11 0 1 0 42
10 15 12 3 27
7 1 9 6 31
2 1 1 6 2
19 41 0 23 0
2 1 13 18 13
5 7 10 6 0
28 3 3 33 6
24 8 28 33 23
27 7 4 11 0
6 4 0 1 2
3 3 7 8 2
5 13 12 3 1
3 17 16 3 23
15 7 2 6 3
7 13 2 17 0
0 34 13 9 1
5 1 2 18 1
6 1 1 5 5
16 7 25 31 0
8 8 2 7 2
20 11 4 10 6
3 3 3 10 24
0 10 1 3 7
13 35 2 4 0
5 8 17 3 2
5 13 0 4 12
18 10 11 2 3
12 3 0 4 4
13 15 25 2 1
0 33 5 0 15
6 18 26 0 2
3 6 8 10 37
5 1 1 20 4
6 19 6 0 35
11 1 5 3 6
22 4 20 1 7
4 12 16 1 20
1 2 2 2 8
7 8 2 5 16
16 11 1 2 4
3 2 23 7 5
0 7 3 0 1
20 9 35 5 9
37 6 19 0 5
1 33 0 4 24
21 7 74 0 17
0 4 5 4 2
16 15 6 15 4
4 1 3 0 23
0 12 12 1 9
11 1 11 12 9
12 11 8 4 5
2 10 7 2 14
16 11 15 0 17
1 54 18 1 1
4 29 16 0 11
6 8 8 7 13
1 10 4 4 3
6 10 4 1 3
1 12 1 13 4
17 6 0 8 13
1 2 2 3 6
4 2 29 3 2
8 5 10 4 1
2 39 9 2 4
29 9 0 4 10
21 0 13 11 3
3 12 0 1 14
3 9 16 2 7
19 2 27 2 10
0 11 10 31 5
9 20 7 8 0
0 8 25 3 28
38 0 1 16 5
18 16 7 1 0
8 8 52 0 6
13 3 1 1 35
9 0 5 2 12
3 26 12 7 6
0 3 7 8 7
21 1 7 1 13
5 1 2 8 15
7 24 3 21 3
20 0 22 3 23
39 24 2 3 6
6 23 2 2 21
20 4 11 1 17
1 1 1 18 0
9 14 7 0 10
17 15 3 9 25
1 18 3 8 9
0 0 24 9 39
0 22 0 26 7
6 23 3 6 10
16 1 1 13 5
0 4 0 11 6
2 2 12 0 13
4 0 0 26 26
2 6 4 6 19
34 3 4 33 1
5 1 3 4 14
2 3 15 1 3
24 1 8 4 15
6 8 5 3 2
4 15 7 12 6
14 1 3 2 2
0 30 12 4 0
5 3 2 3 3
8 14 15 3 0
3 7 9 11 17
4 12 0 8 16
4 2 10 0 3
6 6 10 1 2
44 3 1 6 7
3 1 3 2 2
9 0 3 3 2
19 3 11 8 4
9 1 1 35 1
3 20 0 9 10
11 8 4 8 1
2 3 12 0 11
18 28 2 1 18
36 3 5 2 8
32 23 28 0 33
4 7 3 19 0
9 4 0 11 12
12 10 1 5 5
2 5 20 4 14
1 2 24 24 23
15 7 14 5 11
3 0 4 19 0
19 3 2 3 5
11 6 3 1 5
14 11 1 1 5
22 0 1 31 26
20 3 1 1 1
5 3 9 3 35
9 47 13 22 0
10 2 27 3 1
19 24 2 16 37
3 2 10 15 13
18 8 23 8 13
4 3 0 27 15
12 2 6 7 2
13 4 20 17 0
10 9 0 13 28
15 6 4 2 0
7 1 9 13 0
2 25 8 1 12
16 20 12 5 21
1 1 17 5 12
11 6 0 4 19
6 4 3 0 10
2 11 13 11 1
1 2 4 17 15
1 25 1 0 4
59 0 21 7 14
2 18 16 0 0
3 2 4 5 3
3 6 28 1 10
12 2 7 9 9
7 0 1 13 16
1 5 6 2 3
11 44 12 3 0
11 7 1 4 0
6 0 4 7 14
17 15 20 2 9
19 5 2 13 13
0 18 15 2 1
0 7 8 43 29
0 7 15 2 5
15 4 11 5 1
17 10 29 2 9
5 14 33 5 0
6 7 3 12 6
18 2 0 28 10
4 5 6 10 9
1 10 2 2 24
2 3 17 65 7
22 23 8 4 36
3 22 3 8 7
8 3 2 6 9
7 15 2 69 8
4 1 15 1 4
0 4 4 11 7
10 7 12 2 8
9 2 7 13 2
2 2 36 15 2
0 16 3 2 19
13 2 9 3 0
1 3 22 22 14
8 4 0 23 20
6 1 0 5 19
0 13 3 22 3
25 10 13 6 3
18 30 1 3 15
5 6 17 4 5
22 15 7 1 42
19 12 10 1 0
30 20 4 18 17
8 7 0 0 8
22 3 30 1 0
3 18 13 13 14
31 0 2 0 0
2 5 34 11 23
7 8 22 0 3
1 19 1 3 2
0 2 0 0 13
5 9 8 7 3
2 24 12 6 2
11 0 5 25 8
1 16 3 0 10
33 2 6 21 14
35 6 6 19 4
1 8 2 16 1
3 1 0 2 8
5 16 35 9 6
14 8 8 0 10
3 3 0 4 5
17 4 11 37 0
43 4 8 0 30
2 0 3 2 17
45 4 7 6 14
5 5 5 12 17
15 2 2 17 6
5 0 0 16 6
20 1 0 1 2
8 1 4 10 23
6 7 13 5 19
7 4 20 4 34
18 17 9 3 13
18 0 7 12 8
2 7 10 15 6
9 2 8 6 5
11 18 8 8 3
1 7 18 5 5
0 1 10 6 6
19 14 2 33 2
30 3 7 3 0
2 30 4 3 66
10 10 12 16 11
1 7 8 8 1
10 1 24 18 2
3 2 2 5 15
5 14 17 26 5
1 5 2 8 7
2 0 3 5 2
1 11 12 1 5
5 10 0 1 1
2 22 14 2 7
14 7 2 11 18
1 3 0 0 8
3 4 24 6 1
8 6 10 1 3
41 4 3 10 8
28 13 7 13 9
11 2 2 5 9
4 7 8 1 2
1 0 18 0 4
7 0 26 6 7
6 32 8 12 3
3 3 23 1 15
12 2 44 17 10
10 13 4 0 17
38 16 7 4 12
42 4 0 17 4
11 1 22 9 10
1 1 15 1 19
8 4 3 1 10
6 2 10 5 12
5 6 10 6 19
28 11 0 25 0
4 23 26 1 1
0 1 3 21 36
1 6 13 3 4
4 4 1 10 0
8 4 7 4 1
0 2 2 0 14
0 2 24 10 20
3 4 0 3 0
12 25 37 0 12
9 7 31 10 2
6 0 2 1 7
1 11 5 1 2
52 3 5 17 38
19 4 0 12 1
3 6 14 1 5
2 8 6 20 8
19 18 8 40 42
0 2 33 8 2
8 2 8 7 1
6 22 7 1 15
17 6 3 0 14
2 1 3 1 14
7 0 6 10 4
3 26 13 1 0
0 2 2 15 4
13 2 23 8 7
14 37 0 2 4
3 2 2 16 14
0 0 14 5 2
5 7 0 1 9
7 22 18 13 30
4 4 35 0 8
39 16 7 15 1
3 7 5 6 10
4 23 29 1 9
14 14 10 7 32
6 5 1 19 1
28 14 31 3 7
43 5 3 20 3
1 0 2 5 2
2 0 0 7 0
0 15 13 8 0
7 7 13 3 5
8 18 3 3 6
8 6 6 14 2
6 1 5 1 4
2 12 15 14 1
5 3 2 41 0
10 16 8 1 0
3 3 16 1 2
12 8 1 5 0
23 1 8 32 10
43 15 7 4 11
9 0 1 12 18
8 18 1 1 10
12 10 0 22 18
31 2 7 2 6
7 27 1 0 16
8 19 2 4 1
1 2 5 5 0
5 21 9 9 13
17 7 14 7 0
6 5 37 0 6
26 6 0 1 2
19 14 14 1 8
27 5 13 4 4
5 5 27 0 8
8 4 0 6 0
8 33 1 2 6
0 7 3 14 2
9 2 0 24 23
14 4 2 10 8
3 12 36 13 2
17 3 7 6 1
4 8 3 0 9
5 4 7 10 1
8 4 1 17 11
4 14 2 11 5
12 3 13 3 4
7 4 17 11 12
3 2 9 9 0
2 12 0 2 6
4 1 3 7 6
1 11 3 19 1
12 0 1 35 4
22 7 20 10 5
5 8 0 0 23
14 13 6 1 3
16 16 1 5 5
15 0 1 8 18
17 30 22 7 14
11 6 7 24 9
7 12 15 34 7
0 30 3 4 1
4 4 20 1 9
2 17 4 4 3
2 5 21 37 0
7 2 5 4 4
6 14 11 0 15
78 20 17 12 1
0 32 4 6 10
14 38 8 10 0
1 1 5 11 0
2 11 2 1 0
10 6 0 15 15
4 13 43 12 6
27 18 1 14 12
9 18 12 5 7
3 7 18 2 2
0 11 1 13 0
5 3 20 2 2
13 0 14 7 10
4 1 18 0 1
2 3 2 37 15
12 9 37 25 4
38 0 23 1 7
28 4 39 13 31
4 0 2 2 7
8 3 10 3 4
24 5 0 5 18
3 1 17 16 8
0 0 8 0 1
3 4 1 0 5
9 1 5 10 0
12 1 5 3 13
12 4 7 15 5
9 20 30 0 13
1 2 13 1 3
0 0 24 0 4
4 3 12 20 15
3 3 12 5 9
4 2 7 10 3
1 1 3 51 8
5 20 11 1 4
1 10 7 10 6
6 1 0 3 14
7 2 4 1 15
1 9 6 3 10
1 29 2 1 2
1 1 20 5 0
15 6 8 5 6
9 8 18 2 0
4 3 1 2 7
1 9 7 0 0
8 5 8 3 5
28 1 16 1 3
14 4 1 11 27
9 5 1 63 10
5 3 1 1 5
20 0 4 0 1
14 2 21 4 0
11 7 9 15 6
6 46 12 10 37
5 2 8 6 16
3 1 2 2 3
11 3 18 0 5
3 24 20 13 4
0 11 1 0 0
8 5 5 11 0
3 5 0 4 5
5 7 19 2 1
40 11 9 5 20
10 8 4 17 8
0 9 2 4 4
25 7 0 16 7
20 1 4 1 20
21 5 4 12 0
13 0 1 3 7
4 9 9 5 5
0 0 1 3 2
14 12 13 48 12
7 0 14 8 0
3 39 11 0 20
10 0 0 17 4
5 9 17 16 11
0 0 5 2 1
5 4 8 14 0
15 7 1 34 5
12 8 8 0 6
8 33 4 13 26
4 16 10 10 3
8 7 2 26 7
2 12 0 5 0
9 4 1 11 6
19 1 0 11 10
7 5 2 5 18
0 0 4 44 23
1 27 2 14 15
7 1 3 0 5
0 35 4 8 12
27 4 15 0 0
2 0 4 4 6
3 3 3 11 1
7 11 16 8 17
44 9 14 6 16
3 1 8 37 0
0 8 7 3 4
7 3 3 16 15
4 6 15 1 4
54 27 2 11 7
3 3 1 14 27
10 1 0 19 16
9 0 14 0 0
6 16 2 16 8
10 5 1 73 5
24 15 5 0 3
10 4 14 3 2
2 13 0 7 2
12 19 1 12 8
5 10 40 6 9
1 0 14 10 19
15 14 4 22 0
1 10 12 6 2
9 13 4 10 11
10 12 1 30 0
7 2 8 16 20
2 19 2 4 2
0 22 6 5 5
6 5 6 7 6
0 16 1 1 2
2 7 0 2 17
7 15 10 2 2
5 1 0 3 2
8 1 6 9 9
0 6 3 2 12
3 9 15 7 1
1 2 3 3 2
5 2 7 6 15
11 0 12 4 5
2 24 3 3 2
0 0 3 7 0
7 9 3 7 2
0 0 15 11 8
31 32 2 13 1
0 7 0 5 6
24 4 1 27 3
16 2 0 11 2
20 2 1 2 3
4 9 20 17 5
5 0 1 16 8
23 15 37 5 24
15 2 2 14 0
0 48 5 18 12
1 9 10 0 3
0 21 0 5 2
14 5 4 4 16
10 5 13 1 4
0 6 23 22 61
0 9 2 7 14
12 6 0 7 10
10 12 5 10 15
6 2 25 6 1
8 2 1 27 6
4 2 6 21 8
1 1 18 0 13
11 3 3 29 18
0 1 8 3 3
13 15 15 4 4
4 15 1 12 1
0 10 17 2 7
14 37 41 19 0
2 12 12 6 2
16 2 9 16 8
6 8 0 3 14
14 9 13 2 10
2 7 0 9 4
12 2 6 19 1
3 7 0 27 2
1 7 3 1 8
1 5 11 0 48
14 0 33 6 4
4 9 7 2 0
2 5 8 1 11
11 7 7 3 4
8 13 2 6 10
8 4 3 16 22
19 4 41 3 2
2 3 6 6 15
6 13 12 5 24
5 3 1 0 3
5 6 3 0 23
2 1 9 13 4
11 10 2 5 1
9 9 7 4 0
15 0 8 0 29
9 9 24 5 12
3 1 8 3 6
6 7 0 32 1
5 7 2 6 14
4 5 2 1 29
10 9 16 4 11
3 0 33 0 2
0 1 15 5 5
9 18 3 17 36
16 3 1 22 2
5 9 1 10 20
1 4 20 11 6
9 4 0 0 4
20 4 2 30 9
15 37 11 0 5
17 18 7 7 3
28 4 5 0 4
27 6 43 11 0
7 26 0 11 12
12 3 23 19 2
5 12 0 3 1
9 1 3 1 16
2 8 23 3 3
39 1 4 2 7
18 38 9 2 31
31 24 2 3 6
26 5 19 9 1
9 0 13 9 0
4 7 34 2 1
0 2 4 0 0
0 25 23 4 0
2 33 13 22 5
2 11 1 1 10
3 3 0 4 9
1 0 6 3 4
2 20 9 4 5
2 8 8 10 13
3 29 3 14 35
0 14 2 3 6
15 10 6 21 11
1 0 4 6 14
8 3 0 6 17
5 22 4 2 0
5 3 38 1 7
1 0 0 6 7
0 11 4 4 3
6 4 4 4 0
27 1 13 2 10
2 12 2 9 3
7 43 0 18 7
18 33 9 1 35
5 61 14 29 7
8 3 18 23 1
12 7 0 5 8
19 6 15 3 1
0 7 5 7 11
10 1 0 13 4
2 6 13 9 17
0 0 1 3 2
11 0 3 1 4
9 24 2 14 0
10 7 1 17 12
5 12 0 23 29
0 32 16 0 9
7 8 4 1 6
2 0 22 4 0
6 2 25 16 1
5 0 3 9 1
9 22 10 2 19
11 1 18 37 0
2 3 28 15 1
5 6 8 0 17
4 3 4 6 4
10 3 3 10 4
3 5 14 3 13
30 1 6 11 0
2 4 3 8 4
5 7 5 0 20
3 13 23 8 10
6 2 9 9 1
5 8 33 9 0
8 54 7 15 0
6 10 12 3 23
0 18 5 24 9
16 9 6 1 11
1 2 3 12 16
4 5 2 2 10
3 2 6 19 26
7 2 0 5 9
27 3 4 8 8
7 15 3 8 22
5 0 6 1 12
5 8 1 5 16
1 18 5 3 1
3 10 6 0 10
8 10 5 3 6
33 2 3 14 30
37 3 17 3 0
8 18 0 15 0
12 0 13 0 31
1 4 3 2 15
4 4 0 3 13
0 0 5 8 2
0 1 1 4 25
3 23 7 26 0
46 8 1 45 0
9 21 25 23 0
1 9 2 13 4
7 9 15 11 5
4 1 2 28 18
3 43 9 1 4
12 1 1 6 3
3 8 3 3 1
7 0 2 5 16
1 11 6 15 32
10 10 12 3 2
5 15 32 4 7
19 5 1 7 1
13 9 0 0 1
6 11 21 5 0
37 1 2 11 9
5 4 16 30 12
17 1 23 14 7
1 25 3 15 2
7 23 2 18 0
3 14 3 0 21
6 4 29 14 11
11 15 5 42 16
4 10 4 1 8
3 0 14 5 18
1 20 9 6 0
10 15 1 2 11
7 17 6 1 2
4 6 6 20 5
0 16 27 9 0
11 8 13 2 16
10 23 25 18 0
13 38 0 30 3
2 11 1 0 18
2 17 11 7 3
4 6 6 12 28
8 3 1 32 0
9 22 28 5 11
7 2 3 11 18
6 7 2 0 0
16 2 1 8 11
15 4 2 1 7
1 12 0 1 11
6 2 18 3 10
35 7 11 0 0
3 3 4 8 10
4 1 3 0 13
10 8 0 6 27
2 2 3 17 6
1 0 0 19 9
13 20 5 6 23
17 11 7 13 11
3 35 23 7 5
96 24 2 11 8
20 0 1 14 6
12 22 4 21 24
2 1 3 2 15
3 14 3 19 9
12 0 5 8 5
8 0 7 15 14
5 31 1 4 2
4 9 4 0 1
9 5 1 20 0
1 10 2 1 12
5 3 5 3 3
8 3 3 0 16
3 0 15 2 0
16 7 2 12 0
4 15 3 16 14
33 22 7 1 3
36 3 5 8 5
3 32 0 8 0
4 6 1 24 5
6 16 11 15 0
3 5 4 26 0
30 10 3 4 19
21 7 13 9 10
5 2 9 1 18
1 12 17 24 6
14 2 2 6 2
6 1 0 15 2
1 6 9 4 0
0 22 16 35 0
4 21 1 16 1
47 22 6 6 4
10 13 10 3 18
11 11 13 39 3
1 2 7 0 11
15 5 10 0 2
41 13 35 1 39
3 1 27 2 4
5 18 3 2 0
2 30 5 14 3
8 0 16 3 8
3 6 6 10 2
17 2 12 9 12
0 29 4 0 3
5 5 3 4 1
33 1 36 2 21
8 3 8 3 14
13 5 4 35 8
16 0 14 7 9
10 5 44 17 0
5 24 9 0 11
17 17 9 1 17
5 2 21 2 0
10 0 20 14 9
9 6 2 5 6
4 0 0 3 6
15 39 30 6 3
14 0 4 5 62
8 4 1 1 15
5 8 7 4 6
7 43 25 4 5
6 1 8 3 3
28 2 4 18 13
11 26 6 3 5
11 13 9 2 12
10 36 3 7 5
11 4 3 1 1
13 3 22 9 7
13 23 3 15 13
1 13 20 1 4
15 3 11 22 2
10 4 1 3 1
22 12 11 7 10
4 9 1 12 32
0 31 8 17 2
11 13 1 1 13
20 11 9 15 15
10 11 7 14 2
0 10 17 19 5
2 7 11 25 2
8 3 25 9 15
0 24 3 16 2
28 3 0 6 10
19 5 14 13 0
5 1 10 5 22
20 2 0 7 9
1 19 50 11 6
34 2 1 25 17
1 1 10 8 19
10 0 8 6 24
11 1 37 0 29
10 3 1 12 1
3 0 4 3 6
2 4 0 2 3
0 0 10 13 2
4 0 33 82 0
7 0 3 7 1
1 3 14 5 4
0 16 6 15 6
21 5 6 10 5
4 16 25 14 2
5 4 4 6 38
3 37 12 5 0
2 16 20 0 2
5 17 9 0 0
16 39 1 1 21
1 1 1 2 1
0 2 3 3 5
6 53 2 3 2
3 12 21 5 8
0 0 28 19 2
23 7 5 12 5
19 7 13 21 10
3 8 2 0 2
7 14 37 16 3
26 19 4 13 1
14 13 19 0 10
2 35 3 2 25
5 1 7 24 5
8 9 0 0 21
8 8 2 3 13
18 1 0 8 0
6 10 3 8 7
9 16 1 22 7
8 10 0 2 2
2 4 1 7 21
20 1 0 1 20
4 0 33 19 8
7 34 5 0 1
0 0 0 5 5
12 8 18 11 17
4 7 11 10 1
13 1 5 25 0
13 2 4 4 0
2 6 18 9 1
0 4 8 2 0
0 2 6 0 18
11 20 9 11 6
6 7 9 10 5
1 8 17 3 24
3 3 4 4 14
21 5 5 10 26
5 11 2 0 9
34 8 3 6 24
26 1 29 5 27
11 0 1 13 24
2 0 9 3 2
11 11 0 24 4
1 8 0 3 7
11 16 1 6 4
0 12 5 11 7
0 1 11 4 0
1 5 1 5 3
10 6 11 12 8
15 3 12 4 0
9 5 7 8 8
10 3 1 1 6
18 11 1 1 13
0 0 9 21 1
4 11 14 6 8
10 0 1 20 0
11 0 29 12 3
5 0 1 6 3
4 2 5 4 1
10 0 8 11 9
0 25 0 7 28
1 3 4 10 14
39 4 0 4 8
28 32 12 1 17
4 15 3 1 8
2 16 9 3 6
11 7 2 23 2
0 2 8 6 0
17 8 17 0 3
16 4 14 3 5
10 5 12 21 12
4 5 15 10 0
6 0 6 1 11
7 5 6 2 9
5 3 11 7 28
6 22 3 16 0
0 11 2 17 17
26 6 15 5 7
41 28 13 12 1
3 30 0 24 0
19 4 19 3 3
9 5 4 5 42
8 0 1 1 22
1 14 9 6 5
7 6 11 1 20
6 2 2 2 29
15 1 9 11 9
3 2 11 30 4
2 3 6 0 4
2 11 23 27 9
0 9 1 1 0
2 3 23 11 0
1 22 1 0 1
14 0 13 3 3
18 11 1 7 1
15 4 15 12 15
5 7 1 24 3
5 1 6 9 6
14 9 11 9 3
1 0 2 7 9
2 2 18 0 1
11 13 10 7 20
7 0 9 5 17
11 10 5 1 1
6 11 2 58 8
4 10 0 18 2
21 4 7 2 6
8 11 11 0 23
22 6 3 7 2
20 20 5 21 3
4 9 9 8 11
18 2 8 6 4
3 5 0 13 8
19 3 6 4 8
7 0 2 9 18
9 3 26 7 17
4 12 3 4 69
27 4 1 0 12
10 5 22 7 6
11 14 24 0 1
30 0 2 8 6
0 0 0 3 7
2 7 7 7 0
4 0 20 15 0
10 0 0 1 15
36 0 0 6 6
10 6 1 1 1
3 27 35 7 4
2 4 3 28 10
8 21 4 29 0
2 20 4 1 6
10 9 2 3 7
6 0 16 12 15
20 7 13 33 5
1 1 2 17 6
1 5 3 9 3
1 15 1 1 1
9 41 3 0 8
5 0 5 7 3
8 3 13 18 33
14 57 4 2 25
2 17 17 16 2
5 41 8 2 20
4 2 13 10 7
1 9 9 3 8
4 6 0 8 7
2 5 3 1 1
5 8 22 1 15
3 1 35 5 0
14 2 2 35 4
1 3 0 4 4
0 2 3 9 2
9 4 0 1 1
21 9 20 2 25
1 11 2 3 48
23 1 12 8 1
35 2 0 7 7
16 11 10 17 32
2 0 32 9 1
8 6 0 18 6
0 13 14 14 0
2 0 2 7 4
1 1 17 0 5
2 27 17 16 2
5 4 12 19 1
11 3 8 14 2
11 6 7 13 7
9 9 5 36 22
4 5 0 11 1
24 5 1 4 3
1 15 6 16 1
10 5 0 11 12
27 3 0 13 2
7 43 44 0 16
0 3 3 7 2
8 13 0 2 1
12 18 2 9 3
11 7 1 2 3
2 1 30 13 4
3 13 1 20 20
4 7 39 2 1
10 13 5 0 10
2 21 12 0 11
14 11 8 1 26
4 8 3 7 7
1 0 19 12 9
5 43 1 1 11
0 3 6 1 23
27 1 8 4 14
5 12 2 6 2
1 5 15 12 1
15 0 6 0 4
10 6 0 0 11
4 1 8 0 0
7 7 6 2 22
17 8 2 1 0
11 5 4 4 26
9 9 2 4 4
0 6 2 10 4
0 11 1 24 2
4 5 9 9 27
8 0 7 5 3
7 8 13 10 11
51 4 11 2 23
8 27 1 16 17
5 8 16 14 13
1 7 17 0 8
11 17 12 0 12
8 6 0 6 5
1 14 0 12 15
1 3 10 6 0
33 13 8 4 9
7 12 9 17 2
3 14 0 4 5
6 4 2 37 3
0 1 45 9 4
0 0 0 0 10
5 2 13 9 3
2 24 0 2 11
19 8 3 6 27
9 23 58 0 23
9 3 21 8 0
27 3 0 19 4
0 33 37 0 7
6 8 13 4 14
0 7 10 2 3
1 10 1 2 14
13 6 22 13 12
34 1 4 1 4
9 9 3 14 4
14 19 0 15 1
2 14 4 10 10
13 9 0 4 20
3 10 3 2 24
8 1 3 5 25
12 4 12 4 5
6 3 10 13 2
21 1 9 17 3
4 6 3 0 0
5 4 8 26 1
38 0 12 18 5
30 22 0 3 5
14 9 0 1 33
8 2 20 10 1
62 5 5 23 1
5 14 1 14 8
23 4 4 4 1
0 16 19 3 17
28 4 13 2 5
0 2 45 10 8
1 3 0 4 4
4 12 0 7 0
5 5 11 5 40
6 4 3 11 12
5 2 0 7 6
37 5 9 6 0
4 4 9 0 5
7 25 2 0 10
0 0 10 6 9
2 5 21 9 11
18 14 2 11 4
8 0 5 3 4
27 12 6 1 14
18 0 7 0 11
8 5 1 7 2
5 6 9 32 11
6 6 2 3 13
4 5 50 10 19
8 3 3 0 3
7 17 1 2 29
10 0 14 7 9
3 14 13 1 13
4 8 0 17 3
7 1 2 10 1
15 4 23 10 5
5 16 9 3 0
5 17 1 17 11
61 0 1 5 5
4 7 21 0 2
51 9 3 11 1
3 19 0 15 2
3 7 21 14 19
0 1 4 11 15
8 8 7 3 2
15 18 3 31 21
5 6 4 7 1
5 4 9 6 4
4 9 4 6 30
5 1 0 15 6
8 0 12 7 17
24 15 7 8 9
16 2 7 11 13
11 18 8 8 2
16 3 8 8 2
10 5 4 2 7
15 12 13 3 0
4 1 3 2 13
12 6 3 7 3
18 2 45 3 9
1 0 12 11 1
8 25 4 3 1
0 1 36 24 2
10 22 10 1 13
18 3 14 0 14
14 0 0 0 3
7 4 1 2 0
4 10 7 7 7
4 1 4 2 5
0 1 2 3 0
13 7 16 3 0
8 13 10 20 4
14 4 7 9 4
29 3 1 14 3
6 10 12 11 1
27 3 6 6 0
25 5 11 1 7
7 33 4 22 8
12 25 7 3 24
2 15 0 1 1
26 6 25 17 13
26 15 4 14 13
30 10 0 8 13
11 10 10 1 29
12 10 0 7 17
3 8 10 0 1
17 10 11 2 3
6 2 6 7 15
0 17 10 24 4
0 2 1 3 0
0 7 5 1 7
13 0 8 2 21
2 22 15 18 0
1 3 8 18 17
0 5 0 4 6
5 0 5 4 10
7 10 2 1 1
22 16 0 20 27
4 8 8 3 6
26 8 8 7 28
12 4 11 14 4
10 0 7 4 1
3 8 2 3 29
7 4 3 2 9
53 0 1 6 10
11 16 4 17 4
5 6 5 1 16
30 2 1 11 0
2 8 14 7 3
12 26 2 0 4
12 8 35 8 8
3 1 8 3 5
1 9 0 1 18
0 0 0 5 22
23 12 3 12 3
16 7 14 6 11
4 0 3 1 4
0 5 27 4 18
5 10 2 11 0
10 3 1 31 2
12 3 2 6 23
5 8 15 10 3
4 6 2 2 45
8 1 7 6 69
4 0 18 24 8
0 0 11 15 3
2 0 3 7 17
1 2 0 2 0
7 0 6 2 6
3 16 3 5 8
23 1 0 1 76
3 5 4 21 8
6 2 17 11 12
15 22 3 8 6
2 6 4 1 4
7 11 0 3 2
3 10 0 12 9
9 0 5 1 5
7 0 24 11 3
15 3 22 11 31
8 6 6 13 8
13 4 4 14 16
20 2 6 1 6
2 7 14 5 7
5 4 2 2 33
0 5 10 3 1
6 10 5 20 6
14 4 0 0 4
2 0 5 5 2
4 15 2 0 7
8 7 14 1 0
2 13 13 4 15
14 7 10 6 2
27 3 6 0 4
5 6 11 0 28
0 3 9 16 8
0 6 1 2 1
5 13 11 6 0
5 3 22 0 2
30 2 0 4 5
5 11 9 2 7
11 35 0 25 29
12 6 15 6 1
7 20 11 12 28
3 17 10 0 1
5 4 24 2 12
14 23 12 8 3
4 2 1 9 9
2 1 3 1 0
0 15 8 4 0
8 1 24 37 4
62 12 15 26 1
5 19 16 9 12
1 31 1 24 24
2 2 5 4 7
1 2 9 31 5
6 6 24 4 7
4 3 9 7 10
1 58 20 9 42
25 16 11 28 9
4 23 4 18 7
12 11 6 11 3
24 2 3 0 6
1 7 24 7 31
8 8 9 19 37
5 0 6 1 1
15 14 3 4 3
3 2 1 7 9
7 17 6 11 5
0 20 4 4 42
19 6 7 42 20
9 3 36 40 16
12 4 3 34 11
4 8 7 22 1
3 6 8 6 3
17 0 8 9 14
14 7 3 0 16
9 18 9 18 10
14 12 21 1 3
7 18 0 7 8
21 4 16 28 2
2 2 3 8 13
5 13 8 10 5
5 5 12 0 2
6 2 8 1 10
8 3 5 8 3
1 4 11 17 6
4 1 2 0 9
7 21 9 4 6
1 1 28 7 6
16 8 4 4 8
0 13 4 0 3
8 13 3 7 7
21 19 2 1 1
22 5 4 1 1
4 32 19 10 6
19 5 4 3 17
0 1 6 5 28
7 24 18 7 19
2 11 5 21 19
0 25 24 27 23
5 8 6 39 11
15 6 11 4 9
11 1 0 12 4
3 15 3 4 17
3 23 8 3 19
1 28 13 21 15
6 11 23 22 2
22 5 11 39 4
6 9 0 8 11
22 6 15 2 1
13 6 11 0 2
10 9 10 0 53
13 27 12 1 12
15 1 9 48 1
4 18 7 6 15
12 9 2 0 7
18 18 4 4 5
0 31 15 7 1
6 21 6 2 26
7 6 8 8 4
5 3 10 51 1
1 6 15 3 10
5 13 2 4 4
0 17 13 3 8
1 5 17 8 9
12 5 19 3 11
3 3 2 12 17
37 5 26 1 1
22 13 3 8 1
0 8 8 22 4
15 1 10 3 27
5 0 10 1 22
7 44 12 2 0
20 0 5 0 5
4 11 3 9 1
4 5 5 12 6
11 32 22 9 13
3 5 7 2 3
15 8 9 2 1
21 12 12 2 1
6 10 5 3 31
2 15 12 0 2
8 8 2 3 34
7 0 20 8 2
3 5 30 24 14
9 3 4 43 12
0 1 0 5 10
18 6 0 1 3
2 1 17 4 0
0 3 10 13 11
18 15 29 4 6
2 17 14 5 3
16 21 14 10 1
1 3 12 1 5
19 1 2 18 2
4 17 11 17 3
2 6 7 14 3
3 14 2 15 10
26 20 3 1 17
22 8 5 2 4
12 27 6 2 20
0 24 4 5 1
5 4 12 1 3
5 15 1 1 42
13 41 9 9 7
5 0 8 11 19
2 9 13 16 7
9 10 3 10 12
27 5 1 17 2
32 11 17 1 5
6 2 10 0 0
7 8 3 0 13
7 3 28 0 22
6 13 11 0 18
16 35 13 1 11
11 0 8 2 12
8 22 19 0 4
1 0 0 4 1
2 7 8 15 7
3 5 8 0 9
0 10 3 11 0
9 0 22 20 12
0 23 13 14 8
9 1 19 48 17
9 6 13 7 5
0 1 9 8 16
1 2 5 13 22
29 1 17 10 0
12 7 61 0 3
17 9 9 25 1
5 3 1 26 3
10 5 10 2 7
0 10 15 1 4
0 10 9 0 7
7 6 9 0 0
12 3 4 19 6
8 17 4 9 8
11 18 6 1 2
12 0 13 5 23
3 10 4 5 0
48 5 3 10 24
0 10 34 12 4
0 4 10 7 37
1 3 1 0 4
0 2 17 10 0
0 6 7 4 10
0 15 4 6 6
26 15 13 5 12
22 15 2 3 3
7 0 1 6 9
16 4 32 1 4
13 2 23 1 0
8 3 2 8 4
0 6 7 18 13
3 0 6 17 5
6 10 0 7 9
7 3 5 29 29
19 19 1 7 19
1 1 5 0 5
18 15 2 7 2
7 12 11 15 16
21 12 0 19 30
5 5 30 0 0
30 1 4 1 8
26 13 26 8 10
1 12 25 20 6
10 0 23 51 4
0 9 13 8 5
7 5 31 10 1
3 3 11 17 6
3 13 2 2 5
2 22 15 4 13
24 2 3 7 4
3 15 5 21 7
13 22 17 11 8
10 24 13 19 8
9 4 7 1 20
0 5 5 0 10
41 8 4 10 11
22 2 0 2 6
3 32 43 5 7
42 0 4 7 0
0 4 7 66 1
10 3 1 3 1
2 1 25 11 2
1 3 2 18 3
0 2 16 17 13
2 3 17 1 3
3 20 8 9 2
19 5 16 0 0
21 1 13 1 11
14 18 7 0 6
19 16 0 3 0
11 2 7 8 11
8 10 12 52 0
0 6 19 5 8
30 5 3 4 19
0 13 3 10 1
5 6 4 22 13
13 12 4 2 40
1 2 0 1 26
6 0 6 1 6
6 4 0 11 3
8 22 1 4 37
25 3 7 12 0
13 11 1 0 16
20 44 1 7 0
5 11 27 2 37
8 5 7 24 9
3 1 4 3 7
7 2 4 16 7
9 6 43 9 13
23 31 0 6 7
23 11 1 13 0
9 4 10 1 2
11 15 36 18 3
8 0 46 1 8
49 1 0 12 2
11 2 34 5 12
11 30 10 4 12
29 9 12 9 8
1 36 4 12 11
4 2 1 2 2
8 3 13 35 7
2 1 8 6 2
3 6 1 5 7
3 0 17 17 0
23 8 9 5 19
15 1 7 0 19
14 0 26 13 12
10 2 14 7 5
5 4 4 15 50
1 4 9 0 15
14 21 14 0 9
10 2 7 14 3
4 2 1 17 2
3 20 10 1 9
0 6 5 4 4
0 1 3 25 5
18 29 6 7 6
13 5 4 4 4
17 3 46 2 41
41 4 3 5 22
1 0 12 2 36
15 9 1 9 11
6 4 6 8 3
2 11 10 13 59
2 2 16 12 12
1 1 3 9 7
0 22 0 25 0
2 4 16 1 1
2 0 8 2 12
5 0 3 13 11
2 3 32 0 3
5 2 4 1 11
6 3 0 3 17
16 12 3 19 3
9 1 3 4 5
18 2 3 6 3
0 22 10 6 43
2 6 23 4 8
9 4 8 3 4
0 3 18 14 22
0 1 2 12 5
4 2 21 6 13
3 4 3 7 11
12 6 0 16 15
6 7 10 3 1
20 1 6 7 10
19 5 6 6 2
9 17 0 4 1
18 3 1 18 4
0 10 12 2 13
2 17 3 8 13
14 20 7 6 5
5 3 5 2 10
6 0 15 9 15
1 1 1 2 10
3 6 13 40 2
2 14 3 0 16
20 25 16 18 6
2 2 16 5 8
11 9 5 5 3
5 11 0 1 0
3 13 5 17 17
3 9 5 8 5
4 5 4 1 4
14 10 3 20 3
9 32 1 4 1
12 1 10 23 8
7 16 6 9 0
6 19 11 7 3
8 29 1 13 2
32 2 5 0 36
6 0 1 9 17
15 7 12 4 4
2 1 2 8 20
1 17 2 3 1
11 2 9 5 15
17 4 7 3 1
10 3 6 14 4
4 13 2 0 20
3 3 0 17 3
10 11 4 10 1
16 16 2 8 34
0 19 9 12 6
0 0 24 2 5
4 2 8 2 5
17 19 7 7 6
18 9 13 3 20
4 7 4 0 11
13 13 3 4 2
5 0 15 7 18
8 6 7 5 5
19 20 3 3 2
2 4 2 19 47
11 9 2 4 8
7 17 18 2 1
26 11 1 6 21
0 2 19 7 3
2 5 5 6 0
5 25 16 1 1
10 8 1 0 9
9 20 11 2 19
36 3 34 13 17
9 1 3 0 6
0 8 4 2 0
19 10 0 2 15
8 7 20 1 4
11 43 8 22 4
0 3 3 0 73
2 16 10 4 1
3 3 2 21 13
10 5 20 39 1
0 18 9 8 16
7 17 5 1 13
5 33 21 9 18
6 10 13 0 32
7 9 8 4 16
13 8 30 6 17
2 8 3 3 29
1 32 0 3 0
53 5 16 23 10
25 15 1 10 5
19 5 3 9 0
14 2 1 8 3
0 13 1 13 16
1 19 1 14 7
0 14 22 0 8
64 10 10 0 22
3 4 6 2 35
1 6 7 11 0
4 5 2 20 1
17 9 2 3 9
2 5 13 2 0
8 2 8 10 5
1 6 28 7 11
6 1 2 1 1
4 24 4 0 6
2 3 10 4 23
20 9 27 6 1
3 3 8 6 12
10 1 5 1 5
7 0 20 7 5
6 2 2 8 3
3 42 0 9 2
6 42 1 18 8
30 3 9 1 12
10 0 1 1 0
22 24 9 6 20
4 4 27 5 13
17 13 5 18 11
5 10 11 0 0
26 21 6 23 10
12 45 10 11 4
15 17 19 3 19
7 9 14 0 3
7 19 8 12 14
0 7 16 11 7
11 47 12 18 12
0 2 16 1 6
6 6 16 8 3
23 5 1 0 4
4 10 2 13 13
24 2 5 2 15
4 1 3 0 14
16 12 5 7 10
9 3 13 19 5
4 4 5 2 2
12 0 13 0 16
21 17 12 0 5
14 1 13 1 7
4 43 0 23 0
37 1 2 10 1
28 14 27 0 25
4 13 11 3 0
0 0 18 5 3
2 0 1 4 2
17 0 37 1 3
10 10 63 15 0
0 16 13 15 2
5 2 8 2 0
0 8 3 12 20
34 21 1 3 2
6 6 21 9 25
7 15 5 1 2
4 0 1 2 1
22 3 14 0 12
1 16 4 14 35
11 10 5 0 2
3 5 7 10 6
5 2 10 0 2
0 22 17 6 13
10 1 10 6 4
4 0 23 20 18
12 3 26 2 0
15 22 0 10 2
12 5 14 3 10
0 11 8 5 8
13 1 7 2 14
0 0 4 6 24
11 7 13 0 3
16 0 26 2 5
2 0 1 0 3
13 9 5 2 9
16 48 10 1 7
2 3 2 0 3
0 6 13 29 5
8 3 3 5 0
59 8 23 2 6
6 28 7 19 9
17 9 16 15 9
19 33 13 17 5
35 21 0 9 1
16 5 1 10 43
8 6 1 3 4
2 7 10 2 21
4 13 11 4 3
14 12 0 6 14
2 0 10 0 6
5 2 5 9 5
2 3 12 2 11
4 0 13 18 8
5 25 3 3 9
36 1 29 9 14
19 2 33 16 0
0 2 1 4 26
8 5 26 10 10
6 2 5 9 0
6 4 4 2 5
5 14 2 0 14
9 6 5 16 3
16 11 32 1 8
4 3 0 3 6
11 3 9 27 0
6 0 0 15 7
3 6 6 4 10
9 6 0 2 8
8 1 6 14 45
1 34 0 7 3
22 2 0 1 23
29 10 4 1 4
11 6 2 30 3
0 49 4 10 29
6 4 34 2 5
1 1 4 16 6
11 0 2 40 1
38 10 1 4 22
22 10 18 3 2
3 17 5 13 12
7 3 8 6 8
5 6 9 1 4
3 9 9 7 5
8 17 9 6 6
0 0 18 20 1
12 0 28 23 3
1 0 2 6 2
17 13 3 8 9
6 20 1 11 0
17 10 14 4 17
0 26 4 5 22
4 1 2 3 1
1 1 4 2 0
18 31 17 38 4
2 8 24 2 8
63 3 7 3 10
2 7 10 3 8
5 4 7 6 2
14 0 4 35 0
3 12 10 0 8
0 1 15 2 1
1 0 11 5 9
6 0 7 5 2
2 3 10 5 16
6 2 30 4 8
5 3 2 12 11
43 3 8 10 2
2 2 9 10 0
1 12 1 4 0
20 5 6 4 17
1 4 26 1 10
4 7 2 18 32
2 4 7 8 3
4 18 5 15 5
26 1 4 29 9
7 15 0 3 22
6 2 17 7 10
19 13 11 2 18
2 3 14 18 16
13 0 23 39 1
14 9 5 4 2
23 0 0 10 5
2 18 3 3 13
6 0 0 44 8
2 10 2 5 7
0 18 9 1 0
2 0 16 13 9
0 3 11 2 6
4 5 22 0 2
18 0 5 78 13
11 8 15 2 6
2 1 0 0 3
15 5 2 2 4
19 6 10 0 11
2 10 11 0 0
2 27 49 5 2
11 1 1 0 1
5 2 10 2 0
1 0 6 2 11
0 6 15 2 3
2 44 34 10 25
20 3 3 7 1
2 0 2 27 3
2 12 8 14 7
11 13 18 2 1
9 6 27 6 5
9 1 56 5 3
17 23 24 0 8
4 8 5 2 6
1 25 14 6 29
8 3 1 2 20
16 4 1 24 3
5 0 14 10 1
14 12 6 24 18
2 3 10 6 12
4 2 11 13 10
2 0 36 20 2
2 2 45 1 3
0 9 10 12 16
4 13 9 6 3
5 1 2 1 6
3 7 13 7 11
8 2 3 15 1
42 7 1 10 1
6 5 2 4 1
6 10 1 5 18
29 13 11 2 9
6 2 2 9 10
5 5 8 1 15
1 0 5 4 20
10 4 11 1 14
4 5 0 8 19
3 11 2 19 17
4 3 13 0 4
19 13 2 7 2
1 35 3 17 0
16 6 15 0 6
13 9 1 5 11
9 4 1 3 2
4 2 12 23 1
4 49 0 14 4
0 7 1 8 12
11 10 1 10 29
1 7 4 0 1
7 26 9 3 12
3 21 43 16 32
4 0 2 4 1
17 2 5 18 20
11 5 6 12 11
16 7 0 14 13
15 4 5 3 2
0 12 4 4 2
20 8 7 5 4
9 10 0 13 1
24 0 4 3 1
8 3 0 4 3
0 5 1 4 1
24 10 38 0 2
4 8 2 8 10
0 4 3 12 8
7 13 0 6 0
12 8 2 15 2
4 4 4 6 34
0 1 0 5 12
14 14 1 4 7
0 8 17 5 5
7 51 41 11 10
26 0 6 8 0
8 27 0 2 38
12 21 3 15 21
0 18 13 25 4
6 5 5 8 7
9 17 17 17 5
5 17 2 0 6
3 4 1 11 5
4 13 1 18 1
19 5 18 2 16
17 13 3 21 9
5 19 7 12 12
0 17 16 8 0
1 15 17 6 2
6 0 5 20 7
1 0 5 9 2
2 2 7 1 6
2 14 2 0 0
7 3 2 3 7
7 1 13 12 8
12 0 8 1 8
11 13 0 38 18
1 5 20 46 2
12 0 19 4 24
1 3 30 4 5
17 10 3 23 10
18 4 1 4 3
18 0 6 7 40
4 15 6 10 4
7 14 6 6 0
10 10 2 20 0
8 7 46 11 2
40 31 20 6 22
20 2 2 2 20
14 14 0 0 9
4 2 15 19 0
1 3 1 0 9
7 1 40 0 0
1 0 7 4 7
10 1 0 2 2
5 0 13 1 62
6 13 6 1 37
0 3 2 5 0
20 4 1 11 17
2 6 11 1 14
18 26 6 8 8
9 6 36 3 8
12 3 16 14 6
7 8 4 20 1
6 3 4 13 5
10 2 0 8 22
15 7 3 7 1
14 17 8 12 3
7 15 9 0 24
16 5 20 44 5
2 0 2 0 13
11 33 24 14 6
11 19 2 10 14
18 15 12 3 30
43 18 4 6 16
21 40 16 6 8
5 17 5 7 0
12 19 9 26 24
6 2 17 2 4
7 38 6 1 3
0 6 0 0 10
11 22 0 11 3
6 4 3 3 4
14 6 0 9 12
1 3 17 2 4
1 1 2 0 1
18 2 3 9 8
0 5 12 3 1
1 2 15 0 13
3 1 2 0 1
14 5 14 5 1
15 19 17 0 1
29 0 12 15 2
1 12 3 5 9
5 1 3 2 1
2 1 1 8 0
5 3 29 6 1
14 5 5 0 5
3 14 1 1 12
7 28 0 8 9
5 4 19 0 0
19 3 8 1 4
10 31 7 4 8
12 1 0 6 5
12 0 1 10 44
35 3 16 24 28
3 4 4 32 4
11 28 9 3 29
1 4 6 18 21
1 20 11 5 17
19 12 8 0 1
0 5 0 14 9
4 3 7 33 1
3 17 27 21 2
14 6 0 11 7
9 17 4 2 17
1 21 14 2 9
3 12 29 4 11
1 17 8 9 13
6 2 5 10 13
13 4 18 8 7
3 4 14 6 12
0 25 34 18 22
13 9 18 12 4
32 21 7 1 9
3 5 15 21 10
0 2 12 30 3
14 2 2 3 3
15 14 9 12 30
2 9 27 22 3
1 9 3 5 22
29 0 12 1 5
2 3 4 9 6
2 8 8 7 3
2 2 1 10 16
15 5 21 7 11
14 12 0 0 35
13 1 41 15 10
1 10 6 16 8
18 7 6 0 12
16 6 1 7 4
19 2 26 21 7
1 8 2 3 8
21 12 11 17 8
4 3 11 12 0
14 2 3 27 0
24 2 18 1 8
11 4 27 25 15
1 19 2 7 9
2 12 1 8 0
7 1 29 48 26
4 5 32 29 1
1 15 9 1 24
3 3 20 15 0
8 4 2 31 26
25 29 16 6 8
23 6 0 5 26
1 8 6 3 2
0 4 2 2 23
17 21 11 1 6
13 5 22 3 1
5 23 7 7 1
8 21 4 10 59
2 4 9 8 5
14 7 0 2 1
4 4 2 2 5
11 4 2 3 5
19 7 29 0 5
1 3 2 6 17
15 0 11 1 6
6 1 8 17 17
7 0 11 4 48
2 2 12 8 14
2 34 3 25 7
9 3 3 11 2
0 0 1 6 11
7 5 8 3 1
4 2 20 3 3
0 29 3 10 37
17 7 5 2 1
24 3 0 29 30
5 25 6 0 5
3 1 2 36 21
7 3 8 7 4
3 16 7 10 3
11 17 42 4 14
8 1 8 1 4
12 21 4 7 3
1 17 7 2 10
6 4 15 7 23
0 17 8 26 4
13 33 2 19 11
5 14 0 22 14
14 24 3 2 15
6 9 5 18 4
7 18 16 31 3
0 46 13 11 11
17 2 6 10 17
9 0 0 2 5
1 1 14 5 7
25 0 0 6 19
19 3 12 5 14
4 7 1 2 40
1 6 4 14 0
0 24 5 2 2
1 8 3 19 84
7 17 3 7 6
2 44 1 15 2
2 5 9 16 16
5 51 10 8 10
0 21 21 19 17
0 19 10 8 21
2 4 2 10 1
10 8 21 16 39
18 33 20 4 11
3 6 3 7 17
3 4 3 1 2
25 14 4 4 0
16 0 5 11 7
27 0 1 0 0
7 5 6 25 6
14 7 4 2 4
11 2 6 3 8
2 19 6 13 9
3 8 17 6 12
1 1 33 16 36
5 3 4 6 2
4 5 22 1 16
1 3 29 0 20
13 23 27 6 9
5 1 4 2 10
19 0 1 0 7
29 23 0 35 8
22 4 1 46 5
10 1 5 5 3
3 3 3 8 6
8 0 1 9 30
0 1 6 7 3
12 2 4 9 1
6 16 0 6 1
17 15 21 28 3
13 5 0 19 7
4 19 9 12 0
24 25 6 0 5
1 2 3 9 10
2 4 7 2 10
14 0 4 2 7
0 9 34 2 12
16 0 8 10 5
29 27 1 2 9
3 6 0 4 2
39 0 0 6 26
1 10 7 21 8
3 8 5 7 4
2 8 12 0 1
4 3 20 2 5
1 2 13 12 18
10 0 7 2 1
22 23 2 20 2
9 2 1 2 11
0 4 17 1 12
2 18 1 24 4
1 1 1 17 27
8 10 9 0 5
3 0 4 14 13
5 6 6 2 0
1 28 7 11 0
17 11 15 0 4
7 21 7 8 7
2 12 19 0 6
4 1 5 5 25
4 2 22 16 10
7 8 4 6 7
14 18 5 17 9
1 9 0 19 33
19 23 5 3 4
12 3 1 11 3
6 11 12 6 5
7 12 17 1 0
14 18 11 24 1
7 0 3 11 35
17 2 24 12 4
18 3 20 0 14
3 34 12 16 2
14 1 16 20 9
9 15 13 0 10
1 1 2 1 3
2 0 7 1 23
25 16 13 6 17
2 11 4 3 31
0 6 27 2 12
2 11 1 20 14
4 32 7 1 9
3 13 5 2 8
1 1 7 0 2
8 28 2 0 45
25 6 1 25 15
12 13 2 16 3
0 8 3 2 1
5 3 34 17 5
4 8 5 2 6
6 11 1 24 0
7 8 10 5 50
7 10 0 1 8
10 12 3 39 7
0 27 3 7 11
0 0 13 18 8
21 9 5 3 31
0 6 8 2 3
14 1 9 0 8
13 13 1 6 13
3 1 14 14 13
9 7 1 9 27
10 8 43 39 18
3 5 13 0 20
7 2 2 0 18
1 8 22 1 18
4 6 1 7 12
1 4 1 2 19
3 3 1 4 1
3 3 7 1 0
18 29 5 0 9
7 0 0 0 15
3 24 2 15 34
3 11 1 3 11
1 20 22 4 64
11 2 0 29 1
11 4 23 1 0
7 6 0 16 4
23 0 13 0 19
4 6 35 34 13
16 6 13 0 5
0 0 0 0 1
0 7 0 11 2
14 5 4 2 67
3 11 5 7 10
5 25 13 4 15
5 6 14 6 26
7 0 2 1 9
10 4 7 3 0
11 3 0 7 1
0 44 18 2 7
7 8 2 2 14
11 31 3 1 3
1 13 26 6 3
0 4 3 1 1
7 1 4 6 3
1 9 4 13 28
3 14 1 26 0
13 5 2 11 22
1 11 19 3 18
4 3 3 1 7
3 0 4 30 51
6 2 16 1 11
7 9 7 28 3
3 5 0 3 3
2 19 2 6 5
9 36 13 30 1
1 4 0 6 12
6 13 35 3 13
4 0 0 6 1
2 0 7 4 15
5 15 5 16 12
8 15 5 5 3
9 6 8 48 29
5 16 1 56 0
14 15 27 8 2
4 5 9 9 8
8 2 10 7 20
8 6 7 4 5
4 1 1 5 20
10 0 7 17 12
8 20 1 3 3
37 0 36 3 11
1 8 14 34 3
1 5 18 6 10
3 9 45 2 28
8 13 38 26 4
5 3 5 20 4
13 33 7 23 0
4 30 16 1 3
19 10 13 2 12
6 1 4 13 12
8 2 0 2 0
13 0 2 3 17
11 5 9 17 20
8 1 11 1 5
1 7 26 9 2
20 3 14 0 1
1 0 12 0 7
2 5 4 9 1
14 5 12 2 3
5 10 8 9 0
2 9 6 0 5
10 15 21 19 23
1 22 3 4 4
11 0 5 21 12
14 15 2 5 9
1 4 6 16 4
9 0 31 32 5
6 18 7 9 2
16 7 22 10 4
1 2 10 4 20
24 9 14 1 10
0 18 7 7 15
7 20 2 22 21
20 3 8 5 27
4 29 2 4 29
4 24 1 6 11
12 3 7 0 5
1 6 3 7 4
6 3 4 0 17
7 15 13 5 8
2 35 13 25 7
0 5 1 6 11
5 6 7 7 0
9 13 0 4 0
15 5 18 5 17
24 41 1 13 2
2 15 4 16 14
5 7 4 2 5
10 1 3 27 9
8 10 45 7 0
17 4 5 1 2
15 12 0 5 1
1 26 5 0 1
0 0 0 6 4
6 0 5 8 0
0 1 14 12 41
20 7 0 12 5
3 5 5 16 11
5 21 10 12 3
24 2 4 7 10
14 4 13 8 13
0 7 1 83 11
6 10 24 9 2
6 17 2 12 10
3 11 3 11 8
32 52 8 9 3
6 19 7 5 1
22 9 1 11 40
7 25 0 3 1
6 27 5 2 4
34 5 13 0 10
0 10 0 30 7
2 3 13 16 18
18 5 10 23 5
25 8 6 3 2
0 2 28 16 8
6 22 28 5 31
1 0 1 11 4
4 16 25 3 6
5 3 1 6 2
5 8 23 8 18
4 0 2 23 7
12 3 12 0 6
20 4 4 12 6
9 2 1 11 16
3 14 0 11 2
2 2 11 1 19
7 7 23 31 3
3 12 7 20 0
21 4 6 1 11
20 8 8 4 8
8 15 0 7 0
6 0 38 2 10
5 1 6 10 15
1 3 2 3 2
12 9 10 6 4
10 2 5 1 5
2 11 7 15 7
0 3 4 5 7
20 1 10 24 13
10 4 11 11 31
36 18 5 6 0
22 5 0 7 27
20 14 11 20 5
7 4 24 28 9
1 26 2 8 22
2 20 5 2 18
29 8 4 0 3
6 7 8 2 15
11 0 15 9 10
0 4 2 11 1
2 2 13 5 3
11 10 23 0 4
20 4 8 6 1
16 11 0 2 5
8 1 44 1 0
7 5 5 6 2
13 36 7 3 6
1 25 0 2 0
35 5 7 7 2
21 0 1 13 2
9 2 4 10 0
0 2 2 0 5
10 4 3 0 1
0 15 16 8 9
3 11 3 4 5
2 5 1 4 14
19 3 16 6 3
14 5 8 17 6
9 2 7 2 0
8 6 14 1 4
3 0 1 13 3
5 39 6 1 35
8 18 31 2 0
16 7 12 14 1
20 2 23 2 6
28 6 2 25 27
2 3 1 5 2
6 4 28 1 16
5 4 3 0 11
7 3 1 10 10
1 10 14 6 10
6 11 13 7 1
16 18 2 8 10
1 12 5 3 1
7 5 2 6 9
10 5 2 2 1
33 5 0 5 23
3 7 1 7 5
1 4 5 8 5
1 4 0 5 2
14 1 17 1 15
10 3 8 1 18
0 1 1 28 2
3 0 10 4 7
12 1 31 15 9
7 9 16 3 0
1 8 8 9 0
25 1 0 1 54
10 4 5 22 59
0 13 2 2 14
1 3 1 7 12
22 3 10 5 4
3 1 9 23 47
7 1 13 16 29
1 23 3 1 11
39 6 3 2 20
6 0 26 3 9
12 11 14 10 8
1 1 4 15 37
3 1 11 14 6
24 2 20 26 8
29 7 1 8 18
4 5 17 0 10
7 4 16 2 2
0 12 0 0 3
33 0 7 7 18
5 3 5 12 18
20 30 2 4 99
35 3 0 1 1
6 4 2 14 5
0 1 24 5 11
2 4 2 0 35
20 29 5 2 2
23 22 0 2 1
14 13 3 10 4
8 7 1 16 4
19 6 2 16 6
19 5 1 15 1
5 13 7 1 0
15 2 1 7 9
6 0 0 24 5
0 0 6 58 4
21 16 5 4 0
3 5 1 2 3
6 1 1 2 8
2 6 0 17 34
36 13 11 2 2
13 9 6 18 18
23 1 1 11 1
5 15 5 14 38
10 1 11 10 2
0 0 0 4 5
19 12 17 5 16
14 3 12 8 2
9 0 8 40 1
23 21 7 8 11
7 6 2 0 6
7 25 4 12 10
8 4 1 4 0
5 6 18 13 12
5 3 38 13 0
1 11 11 6 1
9 11 11 2 11
0 18 17 1 20
2 2 4 0 2
17 0 2 3 7
23 6 20 4 0
10 1 4 5 15
1 8 5 6 5
11 10 11 21 0
11 2 2 9 13
11 5 7 11 3
6 22 16 8 12
0 10 6 8 10
5 2 2 3 18
15 3 4 28 8
2 3 8 4 10
7 6 29 0 5
5 15 12 4 1
7 1 0 6 44
2 0 5 17 4
23 1 6 6 1
15 4 16 18 1
4 0 9 7 14
1 10 2 1 28
1 4 28 9 12
7 10 20 3 20
2 7 11 30 15
6 3 6 1 11
12 4 12 5 26
6 5 22 17 38
1 0 30 3 10
24 21 11 12 6
11 2 3 26 2
10 21 7 7 8
9 4 19 6 29
2 1 24 14 16
0 9 13 2 8
13 3 17 2 21
2 18 2 0 5
22 1 23 14 19
5 1 10 1 2
5 1 14 5 5
4 7 8 30 5
5 2 0 2 24
2 1 0 6 0
6 14 11 6 0
4 14 2 8 16
1 19 5 2 3
2 1 13 2 1
4 1 13 0 8
3 1 0 10 3
3 20 33 8 7
5 26 4 5 17
0 5 0 1 7
6 7 12 15 27
13 6 8 25 24
11 6 0 2 2
1 0 17 15 5
15 5 8 14 9
1 5 39 7 0
1 14 5 19 13
5 3 25 6 3
6 0 11 34 26
19 6 2 15 5
2 1 0 3 0
4 3 5 10 12
8 35 46 12 10
1 7 5 3 26
9 12 11 1 1
1 42 3 1 2
3 32 18 4 15
0 0 0 2 19
4 15 6 29 0
14 3 4 2 39
13 13 5 0 0
17 2 3 28 2
10 1 10 11 7
1 12 9 1 5
6 5 16 5 0
4 0 4 14 9
22 5 24 8 3
11 0 1 14 0
2 3 23 1 5
17 17 14 1 0
2 3 3 48 4
1 21 13 7 11
16 3 3 13 7
1 0 22 12 31
5 5 0 7 1
12 10 30 40 7
3 30 4 1 8
8 10 11 31 10
6 3 2 17 24
4 0 3 18 1
19 13 6 6 0
13 1 4 0 13
8 3 19 12 19
18 14 16 11 41
4 2 4 1 0
1 3 0 1 2
15 0 9 7 7
26 9 25 0 7
12 2 1 9 10
26 9 2 8 11
18 10 5 9 1
22 0 0 10 7
4 22 19 14 11
34 2 4 2 9
18 11 3 15 11
27 0 15 49 9
3 3 5 7 1
1 0 15 0 0
1 3 14 27 2
0 0 6 3 14
28 1 3 1 4
0 5 0 5 8
23 1 23 19 20
4 5 4 10 7
22 10 2 13 0
13 0 1 10 3
11 2 4 21 2
0 0 8 1 2
1 5 26 9 7
0 0 34 5 0
9 0 25 9 5
2 16 4 7 4
1 9 6 5 0
21 1 7 9 10
2 16 23 1 19
1 23 19 1 9
1 3 6 9 3
9 9 48 3 7
9 26 8 7 4
17 39 11 2 5
39 3 4 21 6
5 7 2 15 4
24 6 15 25 11
4 2 1 0 1
7 2 10 7 4
4 7 12 3 8
2 2 2 4 1
1 19 3 13 3
6 2 0 33 4
0 16 8 1 0
6 8 1 42 12
1 12 3 2 2
2 7 23 13 9
8 0 2 43 9
5 8 9 12 1
4 11 23 11 6
8 21 5 1 6
1 21 9 4 0
3 24 1 1 2
2 10 5 14 6
16 4 9 1 3
1 7 0 11 18
8 11 15 16 13
1 29 0 7 3
3 11 13 15 3
0 55 8 1 1
9 6 1 0 3
11 1 23 8 20
8 6 3 21 1
5 0 7 21 5
10 4 9 4 6
11 2 14 26 9
0 3 2 1 1
1 6 10 4 3
2 2 7 6 16
4 9 4 10 6
5 22 11 62 8
3 3 43 2 4
5 6 4 15 0
5 1 2 10 3
1 40 25 8 5
3 0 3 7 4
2 31 11 14 15
1 41 0 10 15
15 6 20 0 0
6 7 16 5 26
13 10 2 1 12
0 4 10 0 3
10 8 10 2 0
15 1 0 5 3
6 11 1 11 3
1 5 0 0 1
1 0 4 6 5
15 2 3 10 0
2 6 17 18 5
4 10 3 0 0
5 8 3 4 31
4 5 23 16 26
7 1 19 1 13
10 2 1 0 10
4 15 2 9 21
2 8 2 5 22
27 1 10 1 0
3 2 17 22 8
7 15 0 2 29
10 1 4 6 3
3 9 9 14 3
12 2 18 29 12
2 1 5 47 1
1 13 11 17 10
0 9 0 2 1
9 20 1 10 22
4 0 4 15 26
0 6 7 14 0
18 21 3 1 2
11 5 9 5 6
1 12 9 8 2
16 1 3 0 0
0 5 6 3 3
9 30 1 9 16
13 1 0 18 7
5 36 1 17 11
5 1 14 38 33
36 3 12 1 0
7 26 28 6 5
31 8 17 10 4
5 5 12 7 10
21 3 4 7 2
2 11 1 3 0
10 8 6 3 3
3 11 18 4 3
9 5 11 4 14
5 11 2 4 6
4 1 20 10 5
7 5 0 0 1
11 2 13 3 11
6 9 9 1 3
1 1 5 11 5
24 3 5 14 4
1 14 7 2 6
0 13 3 6 10
3 0 12 1 18
1 6 2 32 2
4 33 0 14 29
13 28 5 0 12
0 34 6 16 3
11 8 0 8 9
5 4 2 3 9
11 6 0 2 1
4 23 11 2 11
14 5 7 5 12
12 4 5 19 6
7 1 21 1 2
0 8 20 1 6
0 1 21 5 12
0 2 17 0 3
1 19 0 6 3
1 2 1 5 7
0 9 7 1 8
26 0 2 2 5
4 3 5 20 1
3 7 12 6 12
1 8 7 21 30
13 3 7 5 8
7 2 5 0 28
4 4 4 0 19
10 36 16 13 6
4 22 10 6 0
2 2 5 21 11
4 6 14 3 0
1 6 8 6 1
7 0 7 25 2
14 4 12 1 5
5 7 5 0 2
8 9 0 38 7
19 1 11 17 3
31 2 6 8 1
12 4 3 32 9
36 0 11 10 11
2 14 1 7 24
7 12 9 0 1
22 0 7 7 19
20 6 1 3 20
24 6 3 13 0
2 1 2 10 13
7 1 5 30 34
3 3 10 9 0
2 27 6 0 4
10 0 2 4 2
9 5 2 12 22
3 3 36 4 10
35 18 3 22 4
13 8 1 0 29
6 5 6 7 4
42 15 2 1 5
0 7 17 0 20
2 19 18 6 40
0 10 0 0 1
0 0 0 22 1
12 9 8 4 14
4 3 7 8 7
10 21 6 5 3
3 2 9 27 51
7 11 1 3 2
26 3 18 7 4
0 16 1 37 22
5 18 8 0 1
11 3 1 2 5
9 0 1 4 3
0 1 25 32 9
2 1 12 0 10
20 0 23 11 8
1 3 1 3 13
5 20 10 0 6
38 11 2 8 4
27 3 18 4 2
8 0 13 5 6
0 14 6 0 7
19 20 14 20 2
3 3 8 11 1
3 26 1 7 7
12 0 1 8 21
26 47 1 4 2
3 0 3 1 2
0 23 6 27 6
9 26 0 5 11
33 3 8 6 14
1 5 0 1 17
8 1 2 5 15
4 11 61 15 0
5 9 9 20 1
12 15 1 6 0
1 3 6 7 20
5 2 2 5 3
1 39 23 12 1
21 12 21 6 0
1 15 5 0 4
3 1 4 16 34
4 5 7 2 7
23 10 16 1 8
11 18 59 3 3
3 19 8 33 27
4 7 13 4 17
16 6 0 11 7
21 7 11 10 6
3 15 14 32 21
9 26 0 17 28
35 2 18 27 4
15 5 19 11 6
9 20 11 8 12
6 5 17 5 6
0 5 18 2 16
0 19 18 14 5
8 16 0 12 8
0 2 0 0 10
5 9 0 5 29
3 4 22 9 14
11 0 8 11 0
0 12 6 18 9
6 13 8 21 8
10 2 2 0 3
5 3 12 3 0
14 0 0 1 12
6 7 8 16 5
18 1 0 4 14
1 6 4 0 14
4 7 0 1 6
3 1 26 0 6
6 3 3 0 40
11 9 1 10 24
8 38 4 27 0
5 2 14 5 11
2 6 18 12 14
11 32 3 7 4
27 22 3 21 0
38 0 3 3 1
3 14 2 13 8
2 2 1 0 34
5 43 0 2 5
2 14 0 9 3
11 26 5 28 4
0 12 7 9 17
7 0 11 6 4
9 7 13 4 5
1 17 3 19 10
4 1 10 7 3
4 5 12 1 5
1 0 13 3 14
0 2 17 9 4
1 5 7 13 32
24 3 23 3 34
11 12 4 18 2
12 4 3 8 6
2 15 6 7 1
7 29 4 4 25
6 2 3 22 8
4 0 22 35 2
10 3 3 2 1
2 1 7 3 10
2 11 3 3 3
44 4 9 0 2
13 1 3 1 30
26 23 8 2 1
1 4 2 1 11
11 18 4 3 6
2 3 31 0 21
4 1 6 19 1
2 3 0 0 0
15 12 6 0 4
0 2 9 3 10
29 12 11 3 0
4 7 14 14 0
9 1 8 12 3
10 4 1 3 2
43 0 3 6 13
6 1 4 6 11
23 3 13 22 6
11 16 6 1 5
1 0 5 12 0
6 4 13 17 3
2 7 32 11 0
0 3 5 5 5
0 2 1 7 15
3 11 4 2 14
44 12 4 0 5
1 3 3 1 2
7 21 7 14 13
3 12 19 31 14
6 8 3 14 0
12 8 11 13 23
3 1 2 12 10
24 4 28 3 2
1 36 7 6 10
20 4 4 2 5
23 7 14 1 18
11 11 2 31 7
2 3 6 15 13
3 5 9 11 6
1 9 11 35 16
0 17 3 6 2
0 5 0 2 27
0 1 25 21 0
3 10 24 20 12
3 8 1 12 5
4 1 5 8 18
16 13 2 12 0
22 3 3 16 2
3 2 21 1 0
34 13 3 9 16
7 5 1 3 7
4 8 9 25 5
7 3 12 20 10
29 18 0 6 1
12 5 25 4 9
29 7 27 11 39
5 0 20 5 4
0 4 2 2 15
9 15 15 16 2
17 16 5 10 2
9 16 6 0 4
7 3 6 37 6
0 13 15 1 5
19 48 60 3 4
4 8 0 0 10
3 8 1 11 0
0 25 8 2 10
5 0 17 22 9
9 2 3 5 3
6 2 3 1 6
14 16 0 31 3
0 28 4 8 4
2 3 21 5 8
10 3 0 22 14
7 10 5 2 3
3 12 2 9 15
19 3 3 8 16
6 14 1 0 8
6 16 15 15 3
7 4 18 1 1
0 8 7 0 20
1 15 4 2 19
12 0 25 0 1
1 3 0 11 36
1 8 18 13 2
7 14 14 6 9
0 5 0 11 31
1 6 3 12 1
3 2 32 5 23
7 9 1 4 30
20 5 1 17 0
6 11 8 6 19
8 3 0 1 1
9 22 2 1 26
14 6 0 15 6
6 26 0 5 5
0 21 1 0 3
29 0 7 9 6
2 22 1 4 6
1 3 5 22 2
10 1 20 0 3
18 9 9 3 8
10 5 3 8 1
3 20 2 26 4
1 9 27 0 21
4 17 9 14 10
4 12 39 3 6
4 10 0 3 6
33 2 9 0 28
8 3 14 10 8
9 3 32 17 1
2 0 0 12 0
0 28 16 9 42
1 3 5 36 3
5 3 2 0 0
8 31 3 1 1
34 7 6 0 3
5 5 4 0 1
2 14 9 3 24
8 3 18 0 0
1 1 1 1 4
6 8 4 3 17
25 2 9 13 24
4 16 8 12 12
2 3 4 5 15
4 8 9 11 5
2 13 8 13 3
17 1 8 3 26
1 7 10 1 3
3 12 13 7 4
0 9 0 1 2
4 37 2 4 3
2 9 0 2 3
4 1 1 0 2
4 4 2 0 5
31 6 8 13 23
2 4 0 2 10
14 28 20 12 2
1 11 3 8 25
8 24 14 16 5
10 5 15 12 0
1 3 35 4 14
0 7 38 0 1
2 2 18 3 3
5 12 3 1 12
6 5 10 7 1
15 3 0 38 0
5 0 11 2 13
20 0 37 4 18
14 2 4 3 0
1 30 6 0 7
7 2 2 0 0
5 31 49 3 4
0 19 11 13 12
13 26 3 2 4
7 8 7 6 15
3 9 5 11 8
12 6 18 2 0
25 1 14 6 6
15 2 9 1 0
24 8 5 12 8
5 6 6 10 9
11 1 21 5 8
7 5 8 11 14
3 11 0 11 0
2 7 11 4 0
1 12 8 9 26
17 4 26 1 3
0 6 22 7 8
11 3 2 11 3
0 0 0 19 7
2 8 6 5 6
10 9 0 6 14
4 5 7 30 5
7 0 0 11 7
6 6 3 0 2
40 11 13 29 12
7 6 24 23 7
6 7 9 7 13
0 0 27 1 7
0 21 26 5 1
3 8 4 0 2
35 18 7 23 3
5 28 12 0 1
16 18 3 34 4
6 4 2 8 9
1 7 3 15 4
12 2 6 4 11
2 1 16 17 21
8 1 8 24 28
1 9 0 2 46
45 24 3 31 13
1 15 28 38 5
10 13 4 7 0
21 9 1 2 2
10 5 0 76 7
0 12 4 1 16
1 1 0 16 39
0 15 17 1 21
0 8 3 5 21
10 12 11 7 8
3 58 7 8 15
3 12 10 0 4
1 12 0 5 1
15 11 0 15 12
1 16 16 6 10
6 15 2 3 9
30 3 1 3 1
3 2 0 35 8
4 1 25 16 2
5 18 5 15 11
1 10 7 3 0
10 0 3 9 1
10 3 2 16 2
0 30 2 3 23
0 5 2 17 51
4 22 8 11 1
1 39 4 3 4
13 7 0 5 16
4 1 5 12 20
24 14 0 27 12
14 4 3 10 15
2 0 3 3 9
5 8 4 9 11
7 13 3 1 7
10 6 4 8 5
4 6 0 17 6
0 7 6 7 10
5 0 13 15 15
5 10 13 8 1
0 18 3 7 3
3 4 0 2 0
22 4 2 7 1
16 26 3 1 1
0 24 12 7 37
20 13 5 5 2
3 0 10 17 5
13 14 1 9 0
2 3 13 4 18
4 4 2 14 4
5 4 5 5 0
49 18 7 23 5
30 1 9 4 23
0 4 10 0 3
0 2 18 0 1
10 2 5 1 2
7 3 4 4 5
4 8 1 8 29
5 0 1 0 6
4 0 0 0 2
27 1 17 0 12
7 17 42 11 11
8 26 1 5 3
26 5 23 10 1
2 0 2 33 0
6 0 1 16 2
17 16 1 2 18
12 23 18 2 0
2 0 0 1 13
2 1 1 22 2
8 1 6 0 21
17 15 19 3 16
6 11 19 1 5
14 1 8 3 36
4 0 5 41 14
6 4 8 15 1
11 16 0 3 15
13 5 9 15 0
0 17 3 14 2
3 14 6 31 33
3 4 21 0 3
8 0 0 4 4
4 34 2 9 10
2 16 6 6 5
19 30 0 0 9
15 17 2 0 7
2 0 3 28 5
14 0 1 0 0
0 1 10 7 2
2 10 3 7 48
18 1 0 10 4
17 10 1 32 10
27 5 1 10 1
1 4 5 30 15
2 9 3 9 4
22 4 4 9 8
10 2 1 1 11
1 0 3 2 9
0 6 5 28 10
2 9 5 1 25
10 7 2 26 10
8 2 5 4 2
13 1 12 17 7
20 0 6 10 0
5 5 2 3 24
22 3 8 7 7
8 8 11 9 23
9 0 8 1 1
2 13 6 6 0
31 3 0 8 12
2 16 8 4 18
3 30 1 0 9
12 17 12 12 5
6 38 1 14 0
4 13 27 5 10
24 3 19 3 4
11 0 0 0 11
4 1 0 0 7
2 14 5 0 1
0 2 4 8 4
6 3 15 13 9
9 14 11 3 1
8 8 13 3 8
8 0 2 6 8
11 19 39 3 12
0 0 1 0 0
9 3 13 20 21
1 4 1 4 7
9 2 21 4 1
4 3 0 1 20
2 3 12 7 14
5 13 8 1 4
3 4 2 4 2
16 2 20 15 0
22 0 11 2 5
66 0 20 0 0
4 4 4 26 0
3 7 15 11 17
18 6 45 19 0
6 39 0 16 13
0 12 0 0 39
18 5 5 6 18
1 7 1 16 15
6 0 16 0 11
6 8 23 1 23
8 18 10 0 20
23 5 4 7 6
6 18 20 1 8
3 17 4 16 10
4 2 18 13 1
1 6 3 4 21
16 2 7 12 29
5 5 16 6 14
0 15 7 30 1
23 1 14 0 4
0 2 2 3 1
11 7 16 11 17
11 12 4 18 26
5 14 5 8 9
5 16 0 0 1
8 2 3 4 5
1 12 15 5 13
2 10 1 2 4
9 20 2 9 8
10 2 0 19 15
4 1 6 8 23
32 8 12 19 7
2 8 3 31 5
3 18 9 12 2
2 4 1 6 3
4 1 2 4 0
25 8 10 13 11
4 24 7 1 0
12 3 18 10 10
4 4 25 6 7
11 7 13 12 0
2 13 15 1 46
0 8 18 1 6
17 11 0 9 5
1 26 19 4 25
9 2 0 12 3
0 6 5 1 1
10 7 12 25 5
23 13 3 0 0
5 0 1 2 1
1 5 18 0 4
6 2 7 5 4
4 14 15 5 4
3 2 0 20 11
8 24 1 11 2
10 9 15 9 9
10 9 9 5 9
3 12 1 5 10
1 4 5 2 1
18 15 0 5 4
1 4 17 21 3
6 13 22 1 8
1 6 5 0 3
4 4 7 4 9
3 4 8 0 2
0 6 2 1 7
16 3 0 7 2
16 5 23 12 2
1 1 6 14 5
36 0 2 8 14
7 27 13 6 11
14 1 1 10 0
1 7 5 24 48
10 8 2 11 2
35 9 1 22 13
12 15 3 26 8
12 12 21 0 8
2 7 1 1 2
6 4 36 26 11
0 6 3 12 2
8 35 13 2 2
11 1 0 1 10
16 5 10 16 56
1 2 5 15 5
1 2 12 4 1
8 2 38 8 4
15 6 12 2 17
2 1 1 5 36
5 0 1 16 9
3 6 10 3 1
9 16 0 12 1
40 11 4 0 13
27 2 13 3 4
17 3 17 2 0
24 14 3 0 14
1 1 0 1 1
2 6 3 1 21
14 0 2 8 0
9 2 5 7 0
1 5 16 8 13
2 3 9 13 4
4 13 20 3 0
17 2 15 6 7
0 5 0 10 9
4 19 28 19 1
2 10 12 5 0
17 8 1 5 24
11 0 12 4 12
11 0 15 1 3
1 14 15 1 34
4 10 6 0 3
0 27 10 16 5
3 1 0 12 4
4 11 1 4 4
45 10 13 8 2
5 10 9 19 1
2 0 14 48 1
8 10 0 14 0
0 35 4 14 0
0 20 1 11 4
2 16 34 12 4
2 9 3 48 6
14 12 11 10 9
7 3 21 3 29
12 13 2 5 9
10 22 12 2 1
18 0 5 14 1
42
