31 17 3 10 5
5 7 11 8 9
4 6 3 13 12
4 2 8 18 11
37 2 15 5 16
3 15 0 2 15
2 9 16 2 0
4 2 5 22 4
4 12 21 7 41
19 6 2 19 1
6 4 3 34 4
0 0 14 19 18
1 9 12 1 18
11 4 3 21 3
4 19 5 11 8
12 2 8 10 14
1 0 0 20 6
13 9 47 10 4
0 14 6 6 6
1 31 1 4 3
60 5 21 2 23
1 1 0 4 7
0 7 9 5 3
1 3 46 1 9
1 8 14 9 7
5 2 2 4 14
0 7 22 22 0
22 1 13 8 18
5 4 2 17 6
5 28 30 10 0
0 5 1 0 25
55 37 16 14 4
8 16 24 0 11
2 2 0 9 13
15 10 4 7 10
8 13 35 17 3
4 0 8 21 9
7 17 6 1 3
13 1 3 26 3
5 16 9 20 54
10 33 6 1 10
17 16 0 6 18
7 20 3 1 67
9 23 2 8 5
2 10 23 2 1
2 2 9 2 5
12 0 5 47 7
4 51 27 30 7
3 7 4 0 3
6 12 29 3 9
5 0 3 5 21
16 24 28 1 20
1 7 7 6 3
23 2 2 5 21
5 1 2 12 2
11 9 9 0 7
4 2 19 10 0
2 2 22 9 4
4 2 4 3 3
15 0 2 9 0
3 26 44 1 6
6 14 5 5 4
20 13 14 7 0
4 7 14 13 3
29 4 26 31 5
3 7 1 23 2
7 18 9 8 34
4 10 2 5 15
11 8 1 1 8
4 1 2 2 7
2 0 11 63 13
9 2 11 1 13
1 13 9 7 14
4 12 11 8 6
0 5 14 8 24
17 15 3 25 2
0 1 0 13 9
2 5 12 5 0
0 1 13 13 5
6 15 5 4 6
17 14 0 2 11
8 8 2 43 10
1 14 3 18 13
12 2 10 3 1
4 2 1 36 10
13 2 28 26 6
13 0 18 4 6
3 20 0 7 2
7 1 8 2 3
0 0 31 4 23
4 7 4 3 6
3 1 23 4 10
4 3 12 26 1
13 21 51 0 2
11 6 0 7 2
15 11 1 12 19
0 22 23 11 19
4 65 7 14 11
3 4 2 4 4
2 5 37 9 9
2 2 10 8 3
8 7 24 4 25
16 19 1 7 3
3 1 28 13 9
7 2 12 1 2
0 17 10 15 9
5 2 16 7 38
5 5 4 4 24
7 21 11 1 2
2 0 4 6 4
14 10 2 3 7
21 7 2 12 26
11 4 43 2 16
12 2 1 4 14
22 0 1 25 3
0 4 11 0 1
0 12 6 16 6
4 6 7 17 11
1 3 8 0 6
7 6 11 5 9
7 2 3 3 3
15 6 0 11 38
21 19 3 16 36
1 10 13 3 6
0 5 6 5 9
3 2 12 0 3
2 4 6 17 4
4 5 0 12 16
19 41 4 0 3
15 7 12 10 2
6 8 62 0 3
3 6 14 12 13
1 2 24 27 2
27 17 4 4 14
11 21 3 4 29
0 2 25 3 10
4 1 1 8 7
0 18 26 4 3
4 0 7 19 9
16 22 3 8 28
4 11 0 4 9
2 7 40 5 3
28 19 8 5 18
11 11 2 5 6
2 9 13 5 28
1 0 4 6 5
1 4 0 4 3
9 9 1 2 0
0 8 2 7 25
26 13 0 10 8
13 5 23 8 9
3 5 17 7 6
4 5 3 8 6
11 14 1 1 1
46 12 7 4 0
7 2 18 2 14
12 19 3 9 0
1 5 5 1 4
8 5 29 10 1
18 5 29 3 15
4 11 24 18 5
1 0 65 0 2
4 20 9 0 4
5 0 22 11 1
0 4 20 16 9
4 13 16 7 3
16 4 2 4 15
26 4 14 8 12
0 0 3 0 3
7 29 18 5 8
13 9 1 0 4
12 10 1 2 13
0 10 8 44 5
3 10 0 6 14
48 10 17 6 1
13 6 5 20 5
1 8 21 5 9
13 0 9 0 6
0 5 4 8 14
1 65 1 10 8
7 1 0 1 2
5 2 8 2 6
4 9 20 1 5
0 40 5 12 1
0 1 3 21 1
1 2 8 9 2
6 2 6 11 2
11 2 30 3 7
6 1 3 1 7
1 0 16 5 2
14 14 3 1 5
3 4 0 6 0
9 2 10 22 26
2 0 1 68 6
10 5 3 12 9
1 19 0 28 0
17 3 22 3 5
9 15 9 9 11
2 0 4 30 3
9 6 4 17 17
0 14 4 3 5
8 4 3 5 1
15 7 0 23 19
4 0 27 31 20
15 6 5 3 7
2 0 4 0 1
6 14 14 10 8
10 1 1 1 4
5 12 2 4 1
3 26 6 5 4
10 16 5 5 5
7 7 1 20 17
2 21 1 11 12
1 5 18 7 0
64 0 5 10 22
4 0 44 3 3
1 37 0 5 8
12 29 41 0 43
0 3 1 14 3
6 24 0 2 13
6 8 4 3 2
14 4 10 15 0
1 2 16 37 3
2 10 2 5 4
10 0 5 1 20
4 1 9 2 0
5 0 1 0 4
26 2 25 3 55
1 2 5 6 34
26 3 7 5 10
9 30 6 3 16
0 6 9 1 4
1 17 24 4 5
0 4 15 5 1
9 1 21 2 0
6 9 3 0 12
14 4 4 3 5
0 0 24 22 3
4 0 1 7 13
15 0 8 0 6
0 6 7 0 6
5 3 0 12 0
6 4 14 3 6
1 11 5 4 0
2 4 11 15 4
3 1 17 3 5
17 16 2 0 3
19 17 7 6 4
36 0 10 1 4
22 58 2 13 6
18 14 3 3 18
79 4 8 1 3
2 0 13 3 17
32 29 25 16 4
25 4 1 0 17
28 6 0 3 13
1 15 4 17 2
6 4 6 13 1
8 0 8 6 12
16 4 6 1 6
14 5 3 1 3
10 0 6 7 0
9 2 0 0 0
1 4 21 39 2
17 6 13 4 17
6 34 1 8 30
4 8 9 0 11
1 2 8 0 5
6 4 4 16 2
5 0 9 0 3
4 3 1 14 46
17 31 16 7 34
1 15 20 6 32
16 19 14 11 19
7 2 4 22 19
4 12 0 29 19
0 0 3 16 55
2 0 9 27 46
1 47 2 13 8
7 5 4 7 26
14 6 6 3 5
2 10 6 14 8
0 2 2 5 16
5 9 6 0 0
8 8 1 19 14
6 13 10 12 25
4 8 10 2 4
4 14 7 1 5
0 2 1 12 1
5 61 5 0 11
7 15 2 6 7
4 89 4 17 3
4 1 0 0 19
14 31 52 20 0
6 0 28 1 2
6 6 11 1 10
1 1 4 18 7
2 0 2 35 28
9 0 7 17 15
7 0 4 14 2
4 7 20 5 6
27 4 2 11 7
9 17 27 2 0
0 2 13 1 2
6 9 0 3 2
9 9 0 5 2
4 1 6 1 1
12 2 4 2 4
0 14 13 0 3
21 1 5 43 3
1 7 4 2 25
23 1 13 0 5
3 6 2 1 14
6 8 20 3 12
9 19 19 11 7
0 5 2 17 4
3 1 1 10 0
11 15 0 5 0
17 9 5 20 15
4 0 4 7 2
6 0 17 12 21
4 12 3 11 4
3 9 8 18 21
18 1 11 14 3
7 2 0 27 0
4 1 19 2 10
6 4 14 8 8
0 1 3 2 14
15 26 3 3 10
5 2 2 3 4
9 27 3 9 35
2 3 0 14 0
3 1 21 0 10
17 9 16 2 12
2 2 18 11 4
13 0 4 8 7
11 7 0 8 12
4 18 1 4 5
31 5 0 27 11
1 0 59 0 13
14 3 23 4 68
13 3 21 16 19
0 0 0 0 1
11 13 2 15 7
4 6 7 17 17
18 9 1 7 10
9 15 0 10 20
1 6 1 14 15
23 5 6 2 8
4 8 0 4 7
20 19 12 1 7
2 4 3 11 3
25 21 0 10 16
15 10 6 1 16
1 6 5 4 12
3 6 4 2 19
11 6 10 22 3
1 5 14 7 2
13 16 15 37 21
6 26 12 8 1
9 7 22 33 0
4 1 4 9 3
4 0 5 1 3
16 6 8 8 16
16 14 1 9 2
20 4 7 5 2
8 10 3 17 0
1 6 8 20 0
29 9 7 2 11
7 26 29 8 9
38 23 1 2 8
0 14 8 0 9
2 22 3 0 7
13 5 5 7 35
1 2 8 11 3
8 29 26 14 7
3 14 2 13 15
7 4 44 2 13
15 5 2 58 5
2 0 4 27 14
9 5 11 18 9
2 1 12 1 10
1 4 1 3 0
3 32 41 0 20
0 1 1 15 11
1 1 12 14 1
12 2 12 8 26
0 1 8 1 6
8 8 14 2 3
10 4 7 2 14
2 4 8 2 7
7 3 19 3 1
2 9 2 26 0
8 6 1 10 0
19 22 1 35 8
2 0 12 12 1
4 3 0 2 17
11 9 0 20 2
38 4 5 8 28
0 27 27 1 23
2 2 28 9 0
11 7 2 3 11
4 24 0 25 3
9 5 4 21 6
5 24 9 10 2
0 5 11 20 3
2 1 5 4 4
14 2 1 20 11
8 9 8 13 2
5 25 27 21 21
1 24 0 12 16
3 6 5 2 9
1 4 5 4 1
1 3 0 21 4
9 0 1 2 11
11 23 4 1 33
7 0 0 6 5
3 5 11 1 4
3 2 3 3 3
18 0 2 4 14
10 2 0 10 15
4 0 5 9 0
3 1 8 1 6
6 3 24 11 6
22 25 0 5 22
2 35 3 8 6
0 10 7 8 2
17 19 1 3 2
7 13 10 2 2
17 13 2 15 1
2 5 12 8 4
3 3 1 1 11
21 6 18 61 15
0 3 25 0 14
6 0 12 10 0
25 2 6 3 1
17 0 25 10 29
1 10 0 3 5
9 1 18 2 34
1 0 17 19 8
10 13 13 2 2
0 0 15 1 7
26 21 1 9 2
2 2 21 0 13
2 12 21 16 0
32 25 2 1 35
16 3 47 0 0
16 14 0 6 5
11 12 4 9 0
1 18 4 25 8
1 6 3 4 26
11 2 2 10 12
32 15 2 1 0
18 11 12 11 11
23 3 0 0 14
10 13 5 10 8
19 1 11 3 7
8 11 13 25 1
8 17 7 3 1
16 4 9 4 3
22 28 10 4 10
0 2 17 6 7
21 4 2 14 4
40 7 14 0 9
7 12 7 5 1
2 19 12 5 13
0 10 0 21 1
27 3 0 1 0
12 8 2 1 2
26 9 2 9 11
2 9 23 13 1
5 3 5 4 4
1 1 6 5 1
0 1 5 3 13
35 9 0 13 4
32 8 8 5 14
11 5 2 1 1
4 4 2 1 12
2 10 24 10 1
4 0 6 0 0
4 3 20 21 12
6 1 1 3 31
5 13 3 2 11
3 29 8 8 3
5 17 3 0 1
5 4 5 7 13
26 13 6 10 11
12 6 5 0 1
8 6 5 2 6
4 2 2 0 11
7 1 0 11 19
1 17 2 9 4
33 4 17 30 0
2 1 0 1 6
2 7 37 14 18
0 24 2 2 1
2 5 32 21 5
3 9 4 13 28
1 2 2 5 2
21 5 9 10 19
0 4 8 6 4
47 0 4 7 7
8 6 3 35 5
7 2 0 6 25
7 60 2 8 21
18 4 8 5 7
10 7 6 7 6
7 6 8 9 9
29 11 1 10 3
5 26 1 11 7
1 15 15 0 0
2 2 1 2 28
4 3 17 1 4
8 28 13 12 2
1 5 3 5 1
3 17 5 8 6
1 0 5 22 15
12 4 4 7 3
6 1 14 6 8
1 1 2 12 0
0 4 6 25 0
2 6 6 11 24
11 13 5 5 3
13 1 44 4 3
6 0 11 5 13
0 3 15 1 0
4 6 1 18 17
2 0 21 22 6
4 0 7 4 1
16 10 13 1 9
4 18 12 6 3
46 41 11 0 7
1 6 1 20 22
5 1 2 6 3
4 11 10 6 20
9 1 7 1 10
6 2 12 3 17
11 12 1 8 7
6 9 19 3 13
5 16 5 11 14
1 1 2 2 10
28 1 12 16 5
0 4 5 7 1
12 15 7 4 1
4 10 0 3 8
1 11 10 7 6
1 9 6 2 5
11 6 2 1 15
3 11 19 6 10
10 0 17 0 12
1 0 2 6 8
4 1 12 16 5
9 0 9 14 1
1 5 64 9 21
4 10 14 9 10
15 0 1 20 44
21 2 7 28 3
9 0 7 6 3
1 15 10 3 0
15 21 10 3 8
0 14 15 20 11
16 8 6 0 1
1 37 15 0 8
1 15 6 14 14
4 2 9 15 7
3 0 7 8 19
68 1 18 2 2
1 1 5 0 3
9 17 4 1 10
12 5 28 4 22
6 7 0 35 0
2 1 0 2 9
7 9 2 7 10
7 1 5 14 3
4 1 1 1 7
6 12 19 6 4
28 14 10 12 0
1 0 18 2 3
4 31 8 2 2
0 0 32 0 5
2 13 5 18 7
3 6 17 13 2
19 13 3 6 42
5 30 20 0 14
8 15 12 10 0
9 0 1 5 18
5 29 0 9 1
11 4 11 0 0
1 2 0 2 3
42 23 2 9 7
3 5 1 9 6
2 30 1 13 1
11 11 16 11 4
3 20 3 6 3
2 1 3 19 2
9 8 0 0 7
4 15 4 4 0
4 3 61 4 19
6 10 17 20 1
1 0 5 10 16
6 7 19 7 14
1 25 14 15 20
35 7 13 9 4
3 5 11 13 18
12 6 10 0 4
14 2 29 3 4
6 2 2 1 6
30 13 1 6 13
31 6 17 11 3
9 6 28 4 3
4 21 3 20 11
9 5 1 28 9
10 23 8 8 19
6 4 3 1 9
3 5 18 2 13
13 0 32 5 3
0 3 17 3 27
13 16 2 14 8
9 11 11 9 4
9 8 16 9 0
1 5 4 0 12
2 0 4 3 11
22 4 1 33 12
6 2 17 27 48
3 4 0 23 28
0 4 12 2 2
12 10 3 20 12
10 3 21 9 34
2 2 6 0 0
2 6 1 11 11
33 0 2 16 6
19 8 4 1 2
4 6 2 2 28
25 2 3 0 4
1 0 9 13 8
4 4 2 1 2
9 0 23 24 49
4 23 7 5 1
4 12 5 2 6
3 1 1 2 1
36 4 11 3 30
6 26 3 2 14
3 14 1 4 28
16 1 16 3 10
5 1 12 0 0
8 3 14 11 1
24 10 2 20 19
2 11 2 58 0
0 6 10 4 13
0 3 0 3 16
7 20 18 5 3
2 6 4 6 4
5 3 32 8 1
0 31 5 31 1
13 3 8 22 10
24 12 4 4 6
3 3 12 4 4
5 8 3 12 23
16 10 9 12 3
28 7 8 4 8
28 10 0 5 24
10 33 32 13 14
7 3 26 0 14
16 8 8 8 7
15 22 29 22 1
8 2 5 9 13
2 1 0 6 1
2 18 7 0 1
6 0 2 0 1
1 4 3 3 24
2 4 21 14 15
1 3 1 5 1
5 3 1 6 21
3 0 25 6 3
9 4 8 6 2
2 3 3 9 4
15 6 0 13 6
7 51 11 0 13
12 2 0 1 4
14 1 2 11 25
14 1 10 0 11
7 2 5 20 0
3 7 3 6 4
51 7 4 2 29
0 14 4 9 17
19 6 8 2 3
2 9 14 24 2
9 8 4 3 11
18 1 1 8 2
0 13 4 37 1
0 4 8 3 6
1 0 10 24 27
6 7 3 0 4
1 7 1 3 31
16 16 14 10 0
6 19 21 2 7
14 24 1 4 13
21 29 19 3 9
14 6 17 11 1
1 8 3 9 7
0 0 2 3 50
0 11 1 18 9
8 9 13 6 22
27 1 28 11 0
0 49 0 5 36
39 8 2 10 9
11 2 12 9 17
3 2 7 3 0
13 5 13 14 5
6 4 4 1 5
30 7 19 11 5
0 10 12 6 12
16 1 9 0 6
9 5 0 16 13
6 22 6 43 6
12 13 35 0 3
9 15 13 12 52
10 4 15 1 14
15 8 4 10 5
5 8 16 3 6
2 2 21 0 0
4 17 13 1 2
1 4 18 1 13
18 5 3 3 27
1 4 8 0 3
0 5 2 4 13
8 34 0 1 14
0 6 9 1 15
6 4 12 15 1
15 8 22 15 8
16 11 0 3 2
4 15 0 12 27
4 3 10 4 1
0 0 2 21 4
7 17 14 1 13
4 4 3 4 30
2 5 12 4 4
27 5 24 4 5
5 9 35 4 3
8 4 10 10 0
26 21 0 16 3
2 20 1 5 9
0 0 0 7 15
7 20 44 11 11
39 0 23 10 11
0 1 17 2 6
2 16 3 11 3
0 6 1 7 28
8 20 8 13 5
11 2 4 4 7
17 0 6 3 5
7 3 1 11 5
11 15 1 14 1
15 7 2 0 13
4 0 2 3 18
5 5 10 3 8
1 30 0 12 9
0 15 9 0 19
12 9 18 9 3
7 57 4 13 9
0 7 9 5 11
2 4 1 0 26
17 3 1 3 19
9 12 7 21 2
7 14 0 15 11
9 1 25 5 0
1 7 29 3 6
5 1 1 23 0
6 12 10 34 28
12 9 6 4 12
11 5 1 6 0
11 2 10 0 1
7 3 0 13 26
7 5 3 36 3
7 19 2 9 1
22 0 0 4 3
2 8 0 0 4
7 12 14 49 4
0 0 3 5 8
3 1 1 1 2
4 10 3 2 31
7 1 7 5 3
1 9 4 26 7
18 6 13 6 9
0 7 7 7 1
13 3 6 3 6
3 0 14 11 22
33 5 10 2 13
4 20 5 8 5
2 7 2 8 5
1 20 13 0 0
6 5 1 8 5
0 12 3 0 2
4 7 5 7 5
9 9 21 5 14
31 54 26 6 0
15 13 1 2 12
13 4 9 12 30
4 10 0 2 15
2 24 9 0 2
1 2 20 9 2
10 4 5 0 7
0 8 3 30 1
15 18 5 3 16
1 24 8 4 3
5 2 7 8 23
17 1 16 1 21
26 1 3 0 15
1 1 8 24 42
7 7 0 3 1
0 13 5 3 22
24 1 7 48 7
26 10 8 5 1
1 25 4 8 0
12 4 6 7 1
9 9 6 1 30
2 1 27 4 2
6 21 10 0 8
12 7 2 5 14
5 2 16 20 13
1 5 3 18 12
1 5 6 19 1
12 10 6 4 0
8 0 3 15 4
16 5 32 2 0
7 11 0 3 1
16 28 7 19 41
1 2 14 1 1
8 6 0 16 0
3 29 0 6 1
3 18 0 0 5
0 3 13 1 0
16 0 14 2 4
2 20 6 6 2
19 22 24 6 8
1 6 9 22 17
1 2 0 8 2
28 6 11 5 10
1 2 6 5 13
9 3 40 31 0
10 7 4 11 7
3 11 0 3 10
2 11 6 2 15
5 2 5 1 22
1 5 1 1 4
16 7 35 3 12
2 1 3 13 19
1 1 3 0 1
2 3 22 55 6
8 11 6 19 1
5 2 25 23 19
5 5 8 7 2
13 0 1 51 4
25 5 5 4 21
6 9 5 10 1
0 29 0 6 9
9 0 0 9 11
1 20 7 6 2
0 0 15 3 4
4 23 19 5 7
2 11 20 31 5
3 4 4 4 7
2 13 2 1 22
9 2 18 2 0
2 5 15 23 4
7 0 9 0 22
21 10 6 4 0
5 0 5 6 6
7 5 2 2 12
10 3 15 16 15
4 18 14 5 28
12 12 13 6 11
10 8 4 0 3
5 6 4 9 3
21 27 9 62 2
17 5 1 23 6
3 2 3 0 23
12 3 1 12 0
16 4 25 10 1
10 10 11 0 12
4 4 2 0 5
0 0 22 2 6
1 10 0 8 11
12 12 4 9 40
13 1 17 0 14
2 1 9 0 20
21 4 2 5 4
5 1 10 0 32
6 0 6 2 7
0 13 21 17 3
23 12 0 5 0
16 1 2 0 5
0 9 15 11 0
0 8 3 2 7
2 1 7 2 5
0 6 0 1 2
7 8 12 0 3
9 2 21 8 33
1 3 8 14 19
28 3 3 21 1
3 19 2 10 3
1 9 14 4 19
4 7 0 0 16
19 10 1 2 9
3 23 5 17 9
4 0 0 1 5
1 3 12 10 2
6 8 5 5 21
4 0 2 5 0
8 4 7 15 7
20 12 0 7 1
0 11 13 0 24
6 16 17 0 1
11 0 1 3 5
1 12 16 0 6
15 4 2 1 0
4 19 4 4 9
14 19 22 8 41
14 0 6 4 7
11 16 1 4 12
11 20 3 12 10
7 4 3 13 27
5 20 9 3 15
8 2 16 1 11
4 10 33 1 9
19 13 1 3 8
25 8 35 13 0
5 2 34 6 26
5 4 5 2 13
5 4 1 28 15
20 25 15 4 1
7 0 30 13 15
4 5 12 6 2
1 0 6 5 17
2 2 5 14 8
14 2 6 17 4
2 3 3 9 15
10 10 1 2 29
3 1 19 6 5
11 13 0 6 5
39 6 2 0 18
11 13 14 7 1
4 6 1 2 17
2 3 15 3 2
4 40 3 14 1
0 1 13 1 2
4 29 14 4 6
5 10 3 15 7
21 8 9 8 2
1 2 1 0 17
0 0 29 0 4
16 9 0 2 1
4 2 11 9 7
0 7 1 0 6
0 26 1 13 36
11 7 11 9 5
1 14 3 32 11
15 10 0 10 12
16 2 8 7 11
1 2 31 12 0
10 8 5 0 5
21 9 0 3 12
45 0 1 3 1
14 10 10 11 2
14 9 4 30 4
13 1 1 4 32
3 0 29 1 19
9 11 0 2 11
2 20 14 0 5
0 4 32 9 6
1 7 2 6 27
21 7 14 13 4
3 4 5 11 6
0 48 16 0 11
5 29 1 7 18
5 0 0 15 0
9 4 0 1 14
23 8 26 0 6
2 0 1 18 1
10 5 9 3 9
8 8 29 2 4
2 9 11 19 4
10 1 4 30 3
9 10 23 0 3
8 2 15 2 11
3 0 0 5 38
7 0 11 1 5
9 3 1 6 10
3 0 0 0 29
7 4 6 12 18
1 24 32 13 7
7 0 16 11 1
2 1 17 23 0
6 9 22 21 1
1 1 0 8 2
6 5 18 1 10
4 11 8 31 7
1 1 3 13 1
57 5 13 3 7
30 7 4 7 0
1 0 0 22 16
13 18 3 17 8
0 2 13 28 15
6 2 0 6 2
0 18 12 4 5
15 29 7 18 3
4 0 9 3 0
36 4 0 1 11
9 0 8 7 2
47 1 8 9 0
0 13 16 2 2
3 10 14 1 11
0 2 0 3 14
7 5 13 7 11
17 13 26 1 14
1 26 5 30 12
1 2 28 8 4
15 5 12 3 8
6 1 3 25 1
24 7 1 0 7
11 30 31 1 3
6 0 17 5 26
38 1 1 14 1
5 18 17 1 4
4 8 3 3 11
4 5 1 14 1
1 15 5 8 11
23 20 3 8 1
1 4 6 36 0
13 6 5 8 0
22 10 1 12 8
0 0 0 38 2
4 27 5 2 11
8 7 16 14 1
25 10 6 42 18
9 17 16 7 1
16 1 2 12 6
5 9 0 21 3
4 2 12 2 10
7 11 13 10 0
13 13 8 1 3
20 6 1 2 0
9 10 2 2 8
0 14 25 31 2
4 18 29 2 0
1 4 3 1 18
0 1 2 2 7
2 14 1 10 17
6 9 0 2 11
51 3 10 11 17
15 4 53 7 32
0 5 3 13 13
15 32 13 3 0
0 2 9 11 5
42 4 23 11 12
0 25 8 11 2
1 18 1 1 3
6 3 8 0 5
3 12 8 3 5
14 1 24 0 1
1 8 12 39 6
9 14 0 8 2
13 12 15 12 6
6 11 11 4 0
8 4 5 41 13
1 6 5 2 0
21 21 37 12 9
3 12 12 1 1
15 26 2 3 4
7 2 8 14 1
5 17 10 0 4
12 15 1 7 15
23 12 24 11 28
1 2 3 28 6
23 15 1 0 4
1 19 0 4 7
16 5 6 18 21
14 12 3 1 12
11 2 12 12 19
7 18 9 26 0
1 6 8 14 47
10 6 12 17 3
4 3 19 7 18
10 9 6 1 1
1 23 2 2 32
9 23 0 0 4
6 3 12 4 2
22 0 0 33 3
19 10 32 1 6
0 40 13 5 0
6 8 20 9 9
11 1 5 20 4
3 18 28 3 6
2 15 4 0 5
6 41 3 10 29
14 13 14 36 41
3 18 7 3 21
11 10 8 27 21
0 5 0 0 0
4 1 13 3 4
10 22 2 3 0
13 38 25 12 1
2 17 6 8 44
0 0 4 9 3
2 8 3 11 20
1 10 7 4 17
9 2 19 22 4
11 0 1 3 19
28 2 11 8 20
3 1 1 0 0
7 3 3 7 3
20 4 7 7 3
14 7 18 1 2
1 1 1 2 20
0 1 6 24 20
3 28 2 35 6
0 5 19 12 1
11 1 3 2 11
25 6 9 14 0
22 3 18 1 3
1 5 17 0 2
16 28 12 24 5
4 5 8 1 4
1 6 54 8 9
16 1 7 2 2
2 3 7 11 1
20 31 0 2 3
6 32 7 9 3
7 5 29 3 4
2 0 4 11 24
2 15 7 8 4
26 25 3 1 4
4 29 6 16 10
7 3 25 8 3
4 3 5 1 8
13 16 9 11 25
3 0 5 5 6
5 12 3 9 4
13 7 4 8 28
4 3 26 10 2
17 26 8 8 0
44 0 3 54 8
0 2 4 15 6
2 8 3 10 11
10 4 3 4 8
0 0 3 3 7
20 2 2 15 2
5 5 0 20 1
1 9 0 2 3
2 2 3 8 25
24 5 18 2 3
6 9 4 0 2
14 0 7 19 0
8 2 3 1 8
18 4 8 11 1
1 9 0 22 15
2 1 4 8 14
0 33 20 5 5
0 11 23 5 8
5 0 23 19 8
9 0 3 0 10
1 0 1 2 13
2 14 11 2 4
3 6 2 4 20
7 2 24 9 3
3 6 13 11 1
0 8 2 20 1
4 8 23 6 5
6 7 1 15 13
15 18 17 5 2
0 15 12 5 15
14 3 16 4 11
7 11 8 15 3
19 2 8 36 2
5 9 37 1 50
5 2 4 7 0
10 21 3 10 7
4 14 7 7 15
17 9 24 0 18
15 1 20 3 0
5 14 6 5 10
9 47 0 17 31
7 0 18 10 12
0 11 1 15 0
39 12 16 12 11
16 1 1 15 13
9 20 10 0 3
1 0 4 12 21
1 12 4 0 16
2 19 1 4 26
1 18 2 5 33
2 9 24 49 17
4 0 1 5 16
1 2 7 5 9
1 15 1 1 1
9 6 1 13 4
4 1 14 7 6
1 7 4 14 8
2 10 1 12 15
3 3 6 0 10
17 9 0 10 14
11 7 6 10 10
26 0 16 2 3
5 5 8 12 24
5 5 4 0 3
8 32 8 0 4
12 5 2 10 11
9 18 8 11 5
1 27 0 1 25
9 1 2 2 24
3 2 5 11 3
23 20 8 3 6
40 7 0 29 0
4 42 6 1 21
4 6 3 21 5
2 12 3 7 40
12 2 4 2 10
7 2 6 19 19
16 2 5 12 1
7 0 5 6 0
30 40 22 16 9
0 3 18 3 7
1 31 2 2 7
9 1 23 16 0
0 6 13 16 3
7 9 20 3 0
4 2 3 3 11
4 9 4 5 3
6 0 10 15 10
2 39 1 0 2
2 4 1 5 9
28 5 9 1 0
10 3 4 2 5
4 19 2 19 4
2 13 19 0 10
5 10 39 2 8
9 7 9 6 3
12 0 1 6 1
33 5 24 10 3
21 21 3 4 3
4 8 3 4 12
4 0 10 6 2
34 8 10 23 6
5 3 7 0 0
52 29 32 1 19
3 12 22 22 2
22 9 4 0 24
14 27 32 3 11
1 1 0 3 7
7 12 2 20 4
3 3 11 23 28
0 24 15 2 2
14 3 10 44 0
14 37 3 11 7
9 16 9 11 1
0 9 6 6 6
8 4 22 11 6
16 15 3 0 1
6 21 25 13 23
6 5 3 13 2
14 1 0 2 1
4 3 2 39 7
6 0 6 1 10
4 7 2 8 7
1 13 5 8 23
64 28 1 6 20
4 2 9 13 11
19 0 0 0 3
18 8 7 0 6
5 0 8 6 0
24 1 1 7 17
10 0 2 9 10
3 0 4 14 9
15 5 2 4 2
22 3 15 24 14
11 1 15 1 12
4 7 0 13 26
4 3 9 3 0
13 14 2 2 3
21 17 1 9 2
3 20 0 6 4
0 6 8 5 1
3 4 19 2 18
10 24 11 7 8
1 1 42 29 0
9 7 5 3 22
1 20 6 13 0
12 0 15 10 1
39 2 1 3 1
28 0 0 8 2
14 1 18 23 17
1 26 7 5 2
0 5 2 6 1
0 10 18 10 24
12 0 34 5 0
1 4 3 2 1
25 11 21 4 11
7 0 0 33 14
6 2 20 3 8
7 5 14 13 0
33 4 0 5 0
6 3 15 37 3
2 12 29 6 3
13 10 7 8 23
1 1 9 2 1
2 2 0 13 1
7 4 27 5 2
6 9 28 6 7
8 10 18 1 2
4 7 9 3 11
2 6 4 4 14
22 3 1 7 16
3 26 57 0 13
1 7 9 3 0
15 3 4 11 1
5 0 8 39 5
10 62 4 11 7
6 2 4 0 1
2 4 6 0 17
8 8 15 5 17
90 0 7 2 9
3 1 5 10 0
8 3 12 2 3
8 1 3 1 2
6 0 0 1 6
6 4 11 2 12
3 0 3 5 21
8 5 12 23 5
0 4 1 7 6
14 1 1 10 5
9 3 6 4 13
2 9 7 3 20
3 30 1 0 0
8 3 13 0 8
11 6 17 4 13
6 0 2 20 2
12 3 3 0 55
9 0 14 10 0
4 32 4 2 16
2 31 2 11 7
2 3 2 4 18
7 0 8 6 15
11 26 1 8 1
0 43 7 13 33
0 5 14 9 0
44 6 2 17 1
3 12 8 28 18
8 3 1 2 5
0 9 27 2 0
1 6 5 2 16
24 1 18 13 3
23 6 22 5 30
3 22 17 2 13
7 11 1 12 2
1 0 7 14 1
8 24 1 13 4
36 8 2 2 0
13 3 11 6 13
11 6 0 15 4
0 5 6 4 8
18 4 4 4 1
11 0 12 4 2
5 26 4 18 25
7 4 16 10 26
37 7 2 8 3
22 7 0 3 13
22 16 0 7 43
33 6 1 5 4
22 1 0 7 5
9 29 7 14 11
8 21 0 32 4
2 6 9 21 24
14 15 4 7 17
21 13 41 4 25
5 24 3 3 0
10 4 3 20 21
13 4 5 3 4
12 6 4 4 3
19 3 8 10 18
4 31 12 6 13
16 13 19 12 2
13 0 23 3 0
2 12 10 0 8
3 1 3 5 17
40 3 14 8 7
10 27 3 9 18
5 6 7 4 2
10 2 2 0 9
8 21 8 12 19
4 49 8 4 5
2 5 12 8 1
0 6 7 12 13
14 4 2 6 2
18 15 30 0 0
20 1 10 2 1
4 0 2 6 7
16 0 9 3 13
7 1 0 22 5
10 10 9 3 3
5 7 6 12 8
0 6 21 12 0
8 22 10 65 9
19 3 22 5 15
27 3 2 5 11
21 1 6 3 10
39 1 8 1 10
10 6 11 0 1
10 1 1 20 30
11 5 1 0 5
19 5 21 5 14
12 0 0 33 1
15 7 3 22 5
1 24 15 1 14
13 28 0 2 5
4 14 2 14 6
9 1 4 2 4
2 7 3 2 12
4 27 1 1 12
0 5 14 20 1
3 2 4 12 1
8 4 3 41 0
4 1 19 5 0
0 22 2 5 7
2 5 10 0 3
4 2 8 23 8
20 18 3 13 3
4 5 13 3 13
13 1 39 3 13
20 14 20 8 10
19 2 6 1 6
7 1 0 11 4
17 5 0 3 5
1 1 0 17 21
7 6 0 21 0
3 0 2 6 9
10 3 1 2 1
0 25 1 12 13
8 22 5 1 3
14 14 0 4 10
4 0 16 6 10
12 16 10 0 1
3 2 1 0 33
1 5 14 13 29
10 1 6 1 1
0 17 11 6 23
27 26 0 12 2
11 9 15 7 17
11 1 16 2 2
2 2 17 0 2
2 3 19 0 0
8 10 9 13 4
14 34 2 10 14
3 20 4 1 2
28 2 1 0 4
9 7 6 2 0
14 19 22 2 0
13 2 1 20 6
1 10 0 11 1
8 3 2 8 7
5 5 1 20 9
2 12 15 5 9
12 0 15 10 23
16 3 7 3 1
11 5 0 13 1
44 6 10 3 1
15 4 0 10 6
17 8 10 1 6
6 20 5 1 1
11 3 22 5 9
7 4 16 14 8
20 15 3 1 6
7 0 1 20 10
30 22 3 10 4
0 30 16 25 2
3 2 0 13 22
19 7 3 13 14
4 3 5 8 25
3 25 12 55 7
1 0 29 8 5
13 3 1 0 16
8 3 9 10 3
6 1 6 0 23
14 15 15 23 18
2 3 10 13 16
11 4 0 10 2
16 24 0 0 2
12 0 24 4 11
7 1 24 0 5
4 2 3 3 15
6 8 0 33 9
16 20 0 8 2
5 18 28 21 2
9 6 7 14 14
2 1 0 28 31
1 1 6 15 26
11 31 11 14 0
19 8 14 11 3
1 57 5 8 7
0 7 11 11 0
33 22 0 8 5
0 36 14 0 7
8 12 9 0 14
0 30 5 2 35
2 20 10 9 27
0 6 22 2 3
16 4 5 4 0
2 1 5 16 23
5 2 26 4 6
4 8 30 8 0
2 13 3 6 1
3 7 5 2 13
22 4 7 5 5
3 1 27 6 3
0 4 13 16 2
11 2 0 0 18
0 13 4 7 1
23 2 15 11 9
3 1 3 11 5
6 23 5 1 4
0 16 21 13 24
26 4 4 2 11
1 35 8 21 4
1 23 2 12 1
0 4 9 7 16
1 21 5 6 17
18 13 6 3 14
23 5 6 8 0
3 3 12 24 10
6 6 1 9 7
9 1 0 0 11
5 0 4 2 6
19 6 19 11 5
30 9 0 6 13
6 5 1 0 14
3 2 23 2 1
5 16 13 3 2
2 9 11 20 34
6 26 25 0 27
60 25 6 27 7
2 12 8 28 2
0 5 3 13 23
2 3 9 10 4
21 11 1 18 11
16 13 9 7 2
2 4 9 3 19
12 2 24 3 1
7 5 9 34 9
4 15 20 1 2
5 12 2 20 1
59 2 2 3 6
18 1 4 1 53
29 8 0 1 6
2 12 4 2 5
12 3 2 12 0
7 13 3 13 18
3 0 3 6 14
4 3 25 4 19
10 4 7 6 12
26 0 6 7 5
0 0 14 0 18
10 6 1 10 8
3 5 7 3 3
6 1 1 10 6
7 6 5 10 1
2 1 3 5 9
7 0 7 8 3
2 18 5 10 3
3 15 11 11 11
0 14 11 5 35
14 21 23 6 8
24 21 23 20 3
1 4 3 4 6
4 0 2 0 13
23 11 47 1 26
0 1 7 3 10
11 1 9 13 0
0 2 4 14 1
0 49 5 4 0
0 1 17 18 13
0 11 8 5 0
12 6 12 10 4
1 7 47 12 4
0 4 11 27 11
10 2 9 6 22
46 3 15 5 14
16 0 20 6 1
44 8 14 4 37
6 5 35 1 19
7 4 28 9 3
13 2 24 47 4
4 11 0 2 17
4 0 3 21 0
8 9 19 20 9
3 2 5 15 1
16 6 14 0 28
8 4 8 6 5
6 4 5 15 8
10 0 2 7 17
21 1 10 2 0
8 2 8 33 8
4 9 9 12 9
3 3 4 31 6
0 4 2 3 16
34 20 0 7 2
5 5 49 4 2
0 6 19 0 16
1 0 7 33 4
0 5 27 2 15
2 14 12 8 4
5 0 12 14 0
0 8 4 10 14
0 11 7 2 2
3 7 2 6 3
0 1 12 18 0
1 2 4 8 11
2 17 16 0 0
9 1 9 14 29
6 1 9 0 4
16 11 3 50 7
9 13 3 2 0
13 9 2 14 13
6 3 8 16 2
3 3 13 10 18
0 8 25 17 9
3 1 6 19 2
12 4 4 9 3
5 9 0 14 12
9 4 13 0 2
5 1 1 18 6
2 7 2 1 0
0 18 30 8 4
0 14 10 2 7
0 7 4 5 1
0 18 13 3 21
17 6 1 2 6
26 6 0 5 19
11 38 2 17 4
32 1 8 12 2
7 3 20 3 2
1 14 2 14 14
1 6 6 19 8
19 10 11 33 7
8 18 23 7 9
3 3 1 17 0
6 0 19 7 7
2 27 13 1 4
8 7 3 6 12
10 19 8 1 1
27 1 14 12 3
5 2 0 11 8
17 6 5 36 9
10 15 1 6 8
5 20 1 33 30
4 5 0 6 1
4 2 17 30 1
12 35 10 6 7
0 17 1 2 4
7 7 4 12 26
14 9 7 5 11
6 19 17 18 1
5 1 0 8 11
4 8 9 2 10
22 1 11 10 25
27 12 10 5 6
9 10 16 6 2
9 14 8 0 4
10 6 20 4 5
6 1 9 37 2
27 13 11 2 4
3 21 9 12 0
4 3 2 1 18
8 1 35 6 1
9 4 6 12 1
7 2 5 13 3
2 6 1 11 24
4 5 45 2 7
1 9 9 1 17
4 35 0 1 5
6 4 16 1 12
5 24 1 25 14
7 1 5 1 6
8 0 12 7 17
9 2 7 35 9
2 2 3 9 52
2 31 4 4 13
9 30 5 1 6
6 7 17 6 0
0 5 1 20 6
7 33 0 7 3
6 0 4 3 2
0 8 1 0 15
2 14 2 11 2
5 22 0 0 3
4 1 5 31 0
16 6 3 36 6
8 2 1 2 3
2 13 17 5 3
1 4 14 25 3
6 15 6 17 4
2 3 2 19 1
1 12 6 11 2
0 11 6 52 3
4 14 8 5 14
10 1 23 0 16
19 8 3 2 3
6 13 6 21 32
17 1 7 5 0
1 2 34 37 0
0 11 3 35 2
5 17 2 4 2
3 10 0 4 3
0 15 11 2 15
29 5 17 2 20
2 11 4 17 11
1 9 8 3 4
21 2 2 42 12
2 20 12 2 0
10 3 6 12 3
23 2 8 12 0
29 21 5 3 11
2 0 35 13 4
2 7 11 4 11
4 5 22 2 4
7 10 9 14 0
5 1 1 3 43
7 14 14 6 8
9 1 0 20 3
15 1 14 10 2
3 7 1 4 8
2 0 6 3 25
23 11 0 14 14
6 8 14 11 1
3 4 1 6 9
5 7 0 10 15
1 20 12 3 17
3 1 22 17 3
1 18 10 2 16
32 10 6 16 0
10 3 2 3 7
1 4 16 1 1
21 22 9 17 6
23 3 5 0 43
4 12 13 13 21
31 4 32 0 33
5 3 3 0 15
1 34 1 12 8
5 5 8 4 2
6 1 5 20 25
2 30 1 23 18
12 1 10 6 0
0 6 2 1 0
21 11 32 3 2
2 0 27 7 1
6 1 41 6 5
0 1 2 0 7
7 25 6 0 11
13 8 29 1 6
13 4 3 7 46
13 0 2 3 17
4 0 7 1 15
13 10 6 7 1
1 12 12 12 3
6 2 16 8 24
14 11 14 2 0
33 4 10 1 8
9 2 1 2 14
9 2 1 2 0
3 11 16 3 2
14 0 1 9 23
26 28 22 10 31
29 0 3 10 9
13 0 14 15 7
2 6 13 2 0
1 7 24 8 3
3 17 11 7 6
10 5 6 25 2
11 7 16 8 8
4 36 0 6 14
2 26 3 20 9
3 0 3 1 3
3 15 2 2 41
6 6 5 1 19
14 2 17 3 21
21 1 1 11 15
0 17 2 0 1
7 0 0 8 8
4 14 2 5 13
0 0 2 14 14
10 7 0 7 7
6 17 1 17 3
4 7 2 7 12
1 5 1 5 0
4 0 0 19 13
18 5 4 10 3
5 4 16 1 19
1 1 10 10 19
11 17 5 10 5
1 19 5 5 30
4 6 2 4 5
1 13 2 0 7
12 5 0 5 4
4 0 34 12 15
44 23 2 15 32
30 4 5 19 10
16 2 10 56 4
3 11 11 3 9
4 3 10 18 1
12 34 0 11 8
11 36 4 22 29
11 8 1 5 10
0 10 2 2 6
10 7 17 15 1
43 13 4 3 0
12 0 1 1 58
12 2 2 14 2
1 6 7 2 16
36 5 3 11 0
5 18 3 7 6
31 12 1 0 3
6 4 0 0 72
7 1 17 5 4
16 16 13 6 2
0 0 23 1 8
4 5 6 1 28
3 0 13 6 0
4 0 6 11 2
2 11 2 4 1
0 17 2 12 18
4 12 0 6 10
1 2 16 0 4
6 9 5 5 6
2 9 1 29 7
30 4 5 40 21
8 1 3 1 34
14 6 18 0 1
9 0 6 6 3
0 10 10 31 0
34 2 2 7 2
7 5 5 2 7
3 27 2 11 15
6 7 17 4 7
5 8 0 13 11
4 5 4 8 18
1 1 3 2 6
12 28 1 14 0
2 5 4 7 14
13 3 2 2 15
1 4 0 19 5
6 6 15 4 3
10 11 0 12 23
1 7 2 0 3
2 4 9 0 9
14 4 0 9 6
1 1 9 19 0
4 7 37 14 0
3 3 17 6 3
9 3 3 12 6
6 3 14 4 2
2 1 14 0 4
19 5 17 5 3
8 6 14 0 5
3 3 3 11 0
0 0 2 2 23
4 17 1 3 6
5 0 2 6 9
13 14 0 5 11
8 3 3 6 45
2 8 0 18 5
1 3 4 1 13
3 3 6 0 22
4 5 12 6 1
23 5 1 0 70
44 13 21 11 12
11 30 20 2 1
13 5 0 10 1
16 3 10 19 9
10 14 24 4 8
5 14 10 2 1
6 3 10 15 2
3 2 0 0 9
0 4 4 1 7
10 0 11 1 25
22 4 0 2 2
1 4 24 21 0
8 11 25 24 2
5 1 8 13 7
19 4 7 10 0
5 7 2 0 40
6 22 5 0 15
3 7 2 19 0
6 1 11 4 37
8 3 5 1 0
8 16 3 3 13
18 0 17 6 6
25 17 2 20 14
21 3 3 7 0
5 14 3 22 16
10 9 45 7 25
1 32 17 3 1
6 10 16 14 8
5 0 3 19 2
14 9 10 9 6
17 1 20 12 0
3 8 0 19 1
3 4 23 4 3
6 21 1 10 11
6 17 7 0 13
18 7 18 27 10
1 2 1 28 3
1 14 4 22 14
2 14 23 12 8
5 4 14 10 2
11 1 1 11 2
0 19 13 4 2
1 1 11 22 29
3 4 20 5 12
2 6 37 1 5
10 6 5 11 6
12 2 25 6 5
4 3 9 0 0
6 12 4 49 3
14 9 1 1 22
24 2 42 2 8
8 11 1 14 0
2 6 14 1 8
2 2 10 2 0
19 1 24 11 2
0 9 9 28 10
5 0 41 5 14
23 4 7 2 12
7 1 0 6 11
2 16 1 0 25
0 16 3 2 12
7 27 17 1 5
2 3 5 7 3
10 10 14 4 5
7 2 6 5 0
9 21 6 0 1
20 13 11 10 1
0 5 13 6 1
26 0 3 9 1
18 0 6 2 24
0 15 2 1 26
8 4 0 9 4
8 12 0 4 5
18 5 0 0 3
23 4 10 8 32
8 13 8 1 13
0 0 8 33 11
14 8 13 1 9
0 7 7 11 6
0 2 43 27 15
26 26 2 7 14
4 3 4 16 1
0 0 7 4 24
3 8 8 6 3
12 57 6 3 0
5 19 17 16 11
4 0 1 15 27
1 9 10 1 17
6 3 10 10 17
9 3 7 0 3
36 3 39 3 0
3 3 2 9 20
3 2 7 0 1
6 8 27 7 13
5 16 3 1 30
14 1 5 12 0
15 10 0 12 13
13 4 10 1 8
15 14 20 12 6
40 6 1 5 19
23 7 3 1 5
1 9 4 12 12
2 5 7 1 8
8 12 9 0 41
28 5 10 13 0
20 6 2 27 12
11 1 15 5 9
17 2 49 1 36
1 6 6 6 3
4 4 4 8 10
0 3 1 10 5
11 3 19 1 9
22 0 18 4 1
1 3 39 2 14
0 3 5 37 1
3 21 10 0 1
22 1 4 25 6
3 18 27 3 15
3 0 2 12 3
0 5 2 1 1
13 42 11 33 0
4 1 17 14 8
0 0 1 7 3
9 1 2 1 16
3 2 3 16 8
10 1 0 49 16
3 12 6 5 2
12 7 8 1 17
0 17 16 0 14
7 13 22 0 3
16 2 0 5 8
9 5 26 8 3
12 3 3 25 26
32 9 13 3 7
17 0 21 11 1
8 0 11 10 25
9 2 23 30 6
3 6 12 0 15
13 5 2 5 10
5 9 4 6 28
1 13 19 10 16
32 12 1 9 4
2 19 3 21 1
1 3 24 11 1
4 4 0 18 8
14 11 1 1 0
6 7 6 8 0
4 12 14 18 12
20 0 6 5 0
16 8 12 1 3
9 8 2 23 11
0 20 9 27 4
4 29 1 0 24
1 7 8 6 9
20 14 7 8 13
3 13 1 1 13
1 17 7 9 13
0 12 5 7 19
10 3 12 6 5
4 7 5 3 1
8 1 0 8 1
12 9 5 7 0
1 7 0 0 8
7 9 4 0 6
8 2 10 1 11
0 29 4 6 1
4 5 2 4 8
0 3 10 2 3
12 7 15 1 8
6 0 1 4 11
3 5 7 0 6
1 6 4 4 9
1 13 6 42 5
4 2 1 13 3
8 14 1 4 3
6 2 3 0 22
11 8 5 49 9
11 4 2 2 17
3 0 0 0 16
29 9 3 39 3
5 1 15 8 2
0 3 1 41 4
2 2 1 4 2
7 22 3 0 12
19 10 3 7 0
7 14 2 2 2
14 2 2 15 19
10 7 12 7 5
6 10 28 31 2
4 18 5 2 2
0 1 1 11 6
13 21 19 6 2
9 1 3 5 10
0 8 12 3 27
1 7 44 8 9
4 0 5 13 2
4 9 6 25 15
13 6 1 4 6
15 22 12 29 10
27 3 8 0 11
25 18 8 6 15
6 1 11 25 14
5 11 9 2 3
8 6 4 2 6
0 7 9 1 5
34 5 16 8 10
5 19 1 11 1
16 24 5 2 41
31 3 7 13 0
0 7 6 4 6
0 21 3 2 5
1 3 21 8 28
26 11 0 2 1
36 6 15 3 18
26 0 15 10 5
1 9 4 9 33
1 8 28 7 2
8 4 3 1 19
1 1 2 5 1
2 0 7 15 7
8 10 5 19 8
18 2 21 4 10
17 12 7 12 17
0 2 2 18 15
2 7 11 13 3
17 10 7 0 10
24 2 1 13 27
1 7 10 1 10
6 7 29 8 2
4 9 8 2 1
2 5 0 3 9
7 1 9 1 28
7 54 10 0 2
5 30 25 6 4
5 6 5 3 0
3 1 6 1 1
4 7 4 15 0
3 2 22 14 9
19 14 16 14 3
3 3 15 12 60
4 4 2 11 8
0 0 10 10 24
15 2 39 0 12
8 11 1 22 15
11 6 0 13 30
4 3 1 19 10
10 27 3 5 9
1 0 10 10 1
0 3 8 8 5
1 0 1 10 7
3 3 0 0 5
7 7 9 6 10
5 9 18 8 2
30 2 4 1 1
5 1 23 4 2
5 4 1 1 0
35 8 1 0 1
5 4 10 7 2
21 6 1 4 10
2 12 7 16 11
0 18 27 8 1
9 4 2 3 10
48 36 16 14 4
8 1 24 1 5
0 3 8 12 10
23 5 12 2 1
6 13 5 8 16
5 16 10 8 3
8 11 5 0 3
5 8 7 3 0
13 3 0 9 1
4 14 0 14 11
41 3 39 0 27
0 4 1 1 11
8 14 1 1 6
7 0 1 3 1
11 10 11 18 0
20 10 10 5 12
6 20 11 2 25
5 0 15 15 0
4 5 4 12 26
0 6 4 7 4
26 15 6 1 2
15 5 4 2 21
38 7 3 1 5
7 4 7 2 5
1 10 2 27 18
1 5 6 1 1
6 11 2 18 1
0 28 1 2 11
23 26 5 6 21
6 7 7 10 1
10 9 7 3 37
3 10 2 4 8
31 2 14 7 14
19 12 9 7 29
0 1 1 5 1
9 0 9 10 10
4 25 1 5 6
3 2 8 0 12
3 1 3 9 9
9 14 6 14 7
16 26 0 4 5
2 12 2 17 10
2 2 18 1 18
6 5 0 6 7
18 15 10 5 0
1 10 2 0 10
1 7 0 4 7
5 13 5 4 2
9 2 5 3 8
11 5 7 2 3
0 10 13 13 11
8 16 18 1 4
0 1 0 1 2
44 28 19 5 1
2 5 2 0 7
1 23 27 7 1
9 0 8 0 3
2 0 8 2 8
1 3 3 2 13
0 12 0 6 5
2 0 3 22 3
4 26 5 0 1
25 6 36 36 4
3 0 6 5 38
1 5 2 7 1
6 10 5 2 7
17 0 4 16 9
0 8 28 11 30
2 14 12 0 1
3 1 11 4 46
7 20 1 47 5
11 7 7 8 23
5 14 10 4 3
4 64 5 6 19
4 1 6 3 20
2 34 21 38 8
51 1 0 15 16
3 16 23 10 3
6 8 2 0 5
1 9 17 14 4
20 2 16 0 3
8 4 8 24 9
16 2 1 8 0
1 15 0 21 31
5 3 13 4 12
6 3 4 9 15
3 3 0 7 2
1 54 4 11 6
2 28 2 2 1
5 6 0 1 16
7 7 17 4 18
5 26 11 12 1
7 2 4 7 33
35 4 9 18 5
14 5 8 16 5
34 27 9 2 2
9 2 14 2 13
0 9 1 7 19
1 2 2 1 7
2 24 4 1 26
21 1 5 0 0
1 6 7 14 14
11 0 7 3 0
0 3 7 6 0
8 1 9 0 21
6 2 9 1 54
15 1 7 17 11
22 20 3 3 19
8 5 26 1 4
4 4 10 19 1
22 19 36 13 19
21 0 6 3 4
2 28 0 6 12
11 2 4 5 3
3 20 7 5 16
44 22 0 17 17
8 19 0 8 8
0 10 0 1 0
26 7 4 11 0
17 3 8 4 7
7 0 55 9 3
6 6 2 8 8
13 4 1 6 4
4 2 25 1 5
4 17 14 10 12
4 10 3 3 9
1 0 0 11 16
2 2 5 8 0
12 15 2 10 6
9 5 21 3 17
19 4 21 1 3
12 0 5 27 1
8 9 0 9 0
1 0 2 3 17
13 29 5 2 14
65 6 1 16 0
1 3 12 23 2
16 9 15 7 18
11 4 1 0 23
23 0 23 7 2
8 4 26 0 1
10 7 8 13 0
3 29 4 14 10
19 1 29 2 0
8 4 16 35 3
16 4 0 6 11
19 4 3 28 2
23 3 4 2 1
0 3 14 14 8
7 0 8 8 19
3 0 15 1 2
1 17 5 6 0
17 3 2 10 5
25 1 9 6 2
14 6 16 3 5
2 14 3 36 4
14 7 5 8 3
4 1 0 5 12
5 5 17 0 4
3 14 2 19 7
22 1 7 0 49
11 4 13 5 8
16 8 8 2 13
0 4 3 8 8
12 4 0 12 2
8 6 0 14 1
16 5 1 5 9
14 17 1 0 10
4 31 9 7 12
3 7 4 2 2
5 6 34 2 1
10 23 3 10 1
26 2 25 9 7
0 28 8 1 2
6 4 9 17 7
8 9 28 13 7
37 6 17 12 7
0 7 15 0 4
13 7 14 0 20
2 2 40 7 6
3 4 12 9 3
19 2 8 8 19
2 0 1 2 3
5 8 5 0 0
2 7 2 1 10
9 5 6 2 1
21 15 26 2 38
0 2 13 0 3
10 31 0 13 6
10 7 0 0 17
11 31 2 64 16
16 4 28 1 15
11 7 22 5 3
12 14 18 49 21
7 0 1 17 6
38 7 2 3 1
1 5 1 15 14
14 4 17 17 0
9 5 7 11 6
0 2 8 16 17
8 0 10 5 48
23 18 26 1 10
15 8 1 1 6
15 5 8 4 6
0 4 5 2 2
1 2 11 15 10
26 0 0 3 7
21 5 16 3 9
0 3 11 11 9
3 1 3 18 0
17 7 11 0 9
1 7 4 18 5
4 4 4 5 4
5 13 23 9 8
2 16 0 6 14
3 0 8 4 24
18 0 4 9 0
1 1 6 0 0
8 2 9 9 3
1 12 19 9 5
5 6 15 10 16
7 0 7 2 1
1 7 14 34 2
5 15 2 3 0
7 0 6 0 7
23 1 30 30 5
3 7 1 35 2
5 13 5 18 6
1 8 2 4 11
19 21 37 5 17
19 2 13 57 7
11 6 2 0 2
28 1 11 0 3
23 3 0 1 5
4 8 10 3 2
25 3 0 15 12
3 28 2 22 6
2 0 5 2 0
24 0 8 14 0
1 3 0 2 11
31 16 0 45 13
8 6 12 9 12
4 6 16 25 2
4 2 32 33 15
1 1 16 5 4
3 11 26 9 27
8 29 0 35 0
21 13 3 37 0
5 17 45 12 0
0 5 9 5 22
4 3 1 21 6
2 2 13 7 2
46 1 6 3 5
6 12 4 4 7
0 2 12 3 4
7 1 3 9 0
0 5 1 16 8
6 8 10 6 7
11 0 0 3 8
4 3 3 5 1
13 6 0 1 0
3 0 9 19 11
4 8 19 1 20
15 6 8 0 12
17 2 7 6 14
5 2 9 5 15
0 0 18 0 0
0 12 16 8 31
6 0 13 0 1
1 13 5 8 16
4 4 1 5 14
16 9 1 0 4
0 88 2 8 1
9 12 22 4 1
7 1 20 1 5
24 6 14 1 1
9 5 3 4 3
12 24 1 10 1
0 15 6 13 0
13 5 3 8 4
5 6 7 6 5
2 12 1 7 0
14 29 3 0 2
4 5 5 5 17
0 8 0 20 13
17 4 14 19 7
3 3 15 2 7
27 1 2 4 0
3 24 3 5 4
1 29 25 9 26
2 7 2 10 28
4 2 13 1 1
6 13 31 0 20
2 2 0 13 13
1 5 1 9 4
4 1 7 20 9
5 9 8 12 23
3 6 9 37 13
7 29 6 23 15
11 20 22 11 21
1 14 9 2 4
4 7 8 14 2
23 0 3 7 7
15 12 2 2 20
7 53 5 3 9
0 2 0 1 0
3 15 7 0 6
11 0 11 10 6
12 4 33 7 8
18 10 37 1 3
4 0 2 7 0
10 15 3 6 21
16 9 1 2 9
6 31 12 2 6
1 7 0 19 4
4 9 10 4 7
8 4 16 2 8
0 2 3 2 3
14 54 42 7 2
7 0 10 5 2
19 2 8 9 1
1 3 4 4 6
31 10 4 1 7
2 4 31 0 20
32 1 10 11 10
9 12 0 0 41
8 0 1 25 0
5 24 15 15 0
3 14 9 0 14
8 11 3 5 7
21 5 11 4 4
16 2 18 9 11
19 0 35 4 9
12 16 0 10 4
0 2 6 21 15
5 20 21 1 1
24 3 2 1 8
5 1 0 1 13
21 5 20 7 7
3 7 7 18 4
0 12 1 10 1
23 6 6 20 14
11 32 3 1 29
7 15 3 5 0
5 19 16 12 15
7 4 3 4 10
1 8 8 0 12
4 24 9 2 2
7 1 16 1 10
5 11 15 12 5
19 4 13 42 48
2 28 26 4 1
9 1 1 2 0
1 13 3 1 6
8 16 10 2 2
9 4 0 4 2
22 1 3 5 2
8 12 9 1 16
11 14 8 0 27
33 3 10 13 21
0 11 30 17 2
7 4 1 20 11
15 29 2 4 2
5 8 5 0 18
3 11 2 21 19
16 5 6 3 3
8 9 13 9 5
20 35 0 17 0
3 1 1 0 3
18 18 8 0 0
13 0 4 14 2
13 3 2 6 6
1 2 0 7 8
24 9 27 8 23
0 5 1 1 4
5 0 11 10 1
6 24 2 3 4
1 3 8 1 22
13 1 8 6 6
26 1 8 6 9
8 11 11 13 23
8 5 10 7 0
23 2 6 14 17
4 22 0 2 6
8 4 0 3 10
1 2 0 58 1
13 7 26 12 0
3 18 12 34 3
2 30 9 3 12
5 0 7 33 1
5 2 0 1 15
8 4 0 7 0
4 1 12 19 2
5 7 30 0 27
14 0 2 24 16
9 3 0 12 14
28 20 4 14 14
16 3 34 1 18
8 3 6 3 2
0 11 1 6 11
1 3 19 0 8
1 1 12 6 3
15 6 1 1 20
2 2 0 27 0
2 20 13 18 12
7 12 30 12 5
2 0 3 4 10
4 9 10 12 3
11 16 29 7 1
4 3 38 2 2
2 5 25 5 16
11 0 13 2 0
3 7 7 9 14
28 7 28 5 13
6 6 6 3 5
7 6 5 25 4
23 0 0 5 2
4 24 29 12 4
10 3 20 1 10
21 12 14 7 28
24 0 32 11 3
2 5 2 6 9
20 13 25 11 2
26 1 20 6 0
6 2 2 0 0
2 1 2 7 3
12 1 8 17 7
5 9 6 0 7
1 16 4 15 3
22 3 11 17 2
24 6 5 0 2
1 5 3 6 17
7 16 1 20 2
0 8 0 7 3
0 2 8 1 13
1 21 8 11 8
5 0 3 8 21
21 0 0 23 2
7 2 12 14 4
10 7 2 2 20
5 20 5 6 14
9 13 3 5 6
13 16 0 12 4
11 0 15 8 16
13 0 1 8 2
1 6 8 4 6
13 4 10 1 1
2 7 8 2 18
0 1 1 10 9
1 3 16 2 4
22 1 9 2 1
1 7 3 25 19
1 10 0 4 1
3 4 2 44 9
3 12 0 1 0
3 0 3 4 27
13 7 12 11 18
11 6 17 9 15
0 1 9 0 4
9 2 13 10 5
12 14 9 14 1
39 25 14 4 1
10 3 4 20 6
17 9 6 7 13
27 0 1 9 0
0 0 12 0 28
37 12 13 3 4
43 11 3 24 4
9 2 45 2 1
3 8 0 8 1
5 23 0 12 5
12 7 30 18 37
0 4 3 8 1
10 0 4 14 2
0 10 12 0 2
0 7 6 2 8
6 1 23 11 0
16 7 12 2 13
6 2 0 0 15
1 4 5 0 50
65 7 16 0 0
34 47 10 13 0
8 1 5 39 2
12 0 9 7 26
3 5 2 11 3
4 16 17 11 5
1 11 27 8 6
0 7 0 15 15
8 8 5 7 4
1 1 0 0 0
11 0 0 9 5
17 12 1 0 20
18 12 3 2 10
18 0 3 44 1
3 3 3 3 2
8 3 0 6 8
13 6 5 4 8
7 4 10 10 16
34 1 8 9 10
29 0 1 12 5
19 0 2 0 4
18 30 17 1 1
0 16 0 5 10
2 2 6 12 10
19 4 5 6 5
0 1 1 42 14
14 3 16 18 13
1 2 11 1 4
19 9 2 6 9
0 15 4 5 6
40 17 29 7 14
4 20 28 6 1
7 17 2 6 5
0 15 3 11 8
23 15 2 4 2
7 21 1 6 15
0 28 7 10 18
6 0 0 9 15
6 1 12 45 26
7 14 2 11 14
6 13 32 8 0
3 20 12 8 24
7 9 8 6 3
0 12 4 26 1
2 2 1 7 8
3 10 1 8 13
5 3 3 0 1
22 7 5 6 11
6 2 3 0 10
0 8 1 7 2
28 8 0 6 0
0 10 25 11 5
17 9 0 10 28
1 0 5 8 0
4 1 15 19 6
1 8 7 9 9
1 1 23 5 8
4 9 28 10 21
15 28 10 16 13
6 8 17 34 19
1 13 20 5 27
12 17 11 20 8
1 0 1 18 18
18 24 5 18 0
1 2 1 1 21
6 10 0 17 50
5 26 26 0 5
9 2 1 1 5
4 7 2 2 0
22 8 15 19 17
3 56 3 5 1
10 8 1 0 26
0 27 6 7 17
18 10 2 11 1
12 4 12 4 6
2 30 8 23 15
8 7 6 0 9
0 3 7 1 1
1 4 13 17 2
4 8 1 16 1
4 4 1 21 10
5 8 15 25 7
5 15 19 4 8
14 0 3 3 0
6 33 25 3 11
5 9 18 3 13
7 19 4 9 17
3 2 0 21 9
8 7 7 20 24
64 8 2 8 2
5 9 7 9 13
4 3 4 2 10
4 2 44 6 13
2 1 3 0 12
14 1 7 3 1
9 11 6 4 5
9 1 15 5 21
8 3 29 0 0
11 5 2 4 0
4 1 0 1 0
11 16 13 17 6
3 20 10 19 8
21 3 22 4 15
4 5 2 11 27
2 2 0 2 4
0 3 20 4 18
11 12 22 10 37
0 0 10 12 14
1 8 0 24 3
17 25 7 3 0
17 20 3 11 4
2 6 2 1 1
39 3 3 4 6
9 16 10 0 13
1 16 30 1 7
12 5 4 1 9
21 0 11 5 9
11 0 14 8 1
7 5 2 1 2
0 21 20 14 9
11 16 11 5 19
0 1 4 12 3
6 14 2 29 14
17 4 13 15 16
0 14 12 4 28
37 3 0 10 3
15 8 2 9 0
19 3 21 7 10
2 8 0 10 0
0 1 44 18 4
4 2 4 18 6
7 2 15 7 0
11 2 5 4 23
4 6 12 4 8
9 12 2 31 7
7 13 16 20 22
2 0 3 5 9
11 14 11 28 4
7 4 15 10 3
16 6 4 14 13
6 22 21 1 7
0 4 4 5 25
4 0 4 5 1
12 7 0 0 12
11 0 7 22 13
2 3 5 2 0
5 5 16 6 2
3 15 1 4 19
14 17 6 3 2
11 0 2 6 20
14 1 1 2 3
37 7 2 4 0
23 11 10 9 1
11 8 6 1 7
10 9 2 3 3
15 1 3 4 8
5 27 35 4 8
5 2 7 19 1
25 10 18 27 4
7 12 10 3 20
11 0 10 11 1
6 2 0 18 3
15 3 7 20 4
9 2 11 13 5
6 10 19 4 3
9 1 12 41 2
3 5 4 19 4
8 0 1 1 1
5 1 5 8 3
2 31 14 10 6
5 1 4 13 8
0 0 17 23 2
2 14 5 1 6
2 14 0 5 7
0 1 8 2 8
11 11 24 3 17
16 6 7 12 3
7 23 11 2 15
10 42 8 10 20
11 5 8 13 32
3 20 1 6 28
0 4 0 13 0
2 35 8 3 7
21 0 4 14 6
4 0 13 21 6
6 18 5 2 0
2 10 0 8 37
2 12 2 6 15
2 8 6 9 1
3 8 2 2 5
0 24 5 1 31
21 22 1 4 30
6 0 1 26 9
10 3 3 0 15
2 5 19 14 7
16 15 1 12 12
7 27 3 1 24
4 4 6 2 13
1 0 4 17 14
3 4 4 9 5
14 9 6 29 12
1 1 19 2 9
5 4 5 17 9
5 15 3 14 11
1 0 4 11 9
17 18 10 63 6
4 2 10 27 4
22 8 0 2 5
0 0 23 11 17
5 27 39 1 6
0 1 3 0 17
6 18 13 2 19
6 4 11 3 3
1 5 1 2 1
5 2 23 1 18
12 36 0 4 1
4 7 8 5 7
10 5 1 38 20
9 4 0 10 3
69 9 1 1 1
14 4 0 2 20
17 7 24 17 1
4 2 7 8 13
4 7 0 2 28
8 51 13 9 9
4 18 10 1 1
2 17 2 1 3
8 5 0 16 2
36 2 11 35 1
12 0 0 3 4
4 20 4 7 5
0 2 15 5 6
3 17 1 4 1
11 6 0 0 13
4 2 0 9 4
7 3 7 5 7
3 5 0 23 6
2 3 9 5 7
1 4 2 6 4
0 4 7 16 12
2 1 2 21 1
3 24 18 9 17
22 10 0 17 11
12 25 1 5 14
6 30 8 4 18
6 8 15 0 8
7 1 7 1 10
27 24 1 4 10
6 1 22 12 22
1 0 11 9 11
22 8 0 0 9
8 2 3 16 3
5 4 1 1 0
2 0 3 3 38
9 2 0 18 2
7 5 5 18 8
0 1 15 12 3
15 2 1 20 0
3 0 39 9 8
17 15 7 10 8
10 10 3 1 5
10 11 16 7 7
23 8 10 3 18
0 12 0 2 1
4 18 2 10 2
2 17 6 6 8
1 1 4 20 1
17 8 19 14 2
2 12 5 12 2
1 7 1 32 7
7 19 1 14 4
27 18 5 5 2
6 7 23 5 6
4 8 0 2 2
0 0 23 34 15
1 16 3 0 6
7 12 0 1 3
9 7 4 9 4
7 4 0 4 3
17 1 20 0 8
2 18 0 6 8
4 3 16 3 1
3 14 0 5 7
6 3 9 8 1
13 7 7 10 42
9 6 0 2 4
3 9 10 0 24
6 11 0 8 15
8 9 2 2 7
7 12 21 6 4
12 17 11 0 6
2 0 0 12 46
14 1 2 8 1
8 3 1 4 5
0 0 2 8 18
10 1 0 3 3
4 4 11 8 1
26 10 21 4 2
0 20 3 2 0
23 3 1 8 0
4 4 12 9 0
8 19 9 0 6
1 6 3 3 15
26 3 4 7 8
12 12 3 9 1
12 50 11 20 3
4 0 15 7 62
5 9 9 17 0
21 5 4 2 5
0 0 0 2 0
0 5 0 39 1
12 28 2 40 15
7 20 34 5 9
23 5 2 8 5
5 26 17 0 2
23 5 0 4 0
12 18 5 3 10
4 14 3 9 0
13 13 53 0 6
9 17 0 15 7
1 12 2 0 36
2 6 4 0 5
13 4 0 3 0
16 0 1 4 0
0 14 16 3 9
9 13 4 0 4
28 4 0 23 13
3 24 32 5 1
4 5 18 12 1
2 10 1 23 2
2 6 5 2 14
3 5 19 1 20
2 9 14 11 1
2 3 18 0 3
3 21 3 4 18
0 3 23 5 2
1 5 27 3 14
36 7 23 11 1
8 6 3 0 1
0 24 3 6 21
6 1 11 13 6
0 5 1 3 1
0 8 15 6 15
12 16 32 15 10
4 14 12 7 34
12 7 0 1 11
5 6 23 7 9
3 8 0 1 4
4 2 13 10 0
10 13 23 16 13
4 0 19 2 14
2 11 9 11 7
2 22 40 7 0
12 21 8 11 11
26 7 0 7 3
2 39 2 2 11
2 4 46 0 1
9 12 15 15 33
6 9 2 7 7
4 8 25 14 15
5 1 4 9 3
41 7 1 23 1
4 1 9 13 11
17 5 0 10 5
12 20 8 0 5
19 18 6 14 17
25 18 15 4 0
26 1 0 11 14
0 0 27 1 23
22 0 1 6 12
12 1 25 0 1
8 8 6 13 26
1 2 9 27 4
7 8 8 23 1
10 0 6 3 4
8 1 9 18 1
7 15 17 11 1
5 11 0 4 27
24 9 1 9 10
19 15 8 11 3
2 2 3 34 1
2 4 0 7 3
4 2 6 7 2
5 23 37 1 4
4 25 9 1 3
2 1 5 8 9
15 0 11 4 33
7 31 4 4 5
7 16 4 2 10
5 29 13 5 13
19 1 7 11 16
0 9 9 10 6
23 7 4 52 4
5 15 6 0 0
1 1 1 1 6
0 6 13 2 12
14 1 0 0 11
12 1 6 3 33
8 5 19 5 1
4 4 31 12 2
11 0 7 42 0
25 9 20 1 8
40 21 4 2 7
11 5 1 8 1
14 15 0 14 5
2 0 2 17 12
27 18 1 16 9
23 7 1 6 2
19 6 8 4 6
0 7 3 4 15
10 8 26 2 10
2 1 4 3 0
6 53 5 25 0
47 5 15 7 20
20 5 9 9 9
3 19 9 7 13
22 25 10 7 42
13 1 6 13 6
19 6 26 5 11
8 9 2 6 5
17 20 20 1 17
18 10 0 15 12
5 5 9 6 5
11 6 8 2 15
11 4 20 1 11
12 3 3 1 10
4 5 1 4 3
14 13 4 0 18
17 15 16 4 11
5 9 0 2 7
1 0 7 8 25
5 17 7 3 1
8 17 21 9 20
6 10 24 4 2
32 19 3 19 10
0 0 1 2 5
24 7 0 8 4
14 1 0 2 3
6 14 16 11 4
8 10 2 14 14
5 8 3 1 9
9 9 14 5 4
16 18 21 2 20
1 19 4 3 0
2 4 1 4 3
6 1 20 15 4
5 15 4 23 24
0 6 6 13 10
13 11 13 28 7
22 4 12 18 3
2 9 2 36 2
9 6 7 4 8
0 2 10 5 10
6 0 12 16 1
2 26 16 13 1
10 1 4 1 12
0 2 7 7 11
0 11 0 6 15
11 18 14 0 19
5 0 4 32 8
5 8 5 4 4
30 40 2 2 33
0 21 0 8 14
2 18 19 1 0
0 23 3 14 5
6 5 3 1 2
8 1 16 4 2
32 0 1 1 3
0 4 24 2 5
2 0 5 10 7
2 8 20 3 41
0 19 11 3 10
12 8 22 4 8
7 17 0 22 0
2 20 3 20 5
2 17 2 3 6
0 9 14 12 2
1 11 5 9 5
6 26 4 1 6
4 0 15 6 6
6 4 28 10 0
11 4 13 3 1
0 1 5 2 6
2 7 39 1 0
13 5 3 20 5
1 0 11 31 1
3 2 10 0 11
65 9 24 8 6
0 0 0 17 1
1 2 14 7 8
5 17 22 14 20
7 3 0 30 20
3 0 17 0 1
9 7 7 15 1
18 3 4 2 11
24 2 3 16 13
3 5 34 6 2
1 2 6 4 0
1 33 41 4 4
4 17 1 3 2
6 13 3 6 0
1 2 14 9 1
9 2 1 5 4
4 0 13 26 5
15 1 3 27 22
17 0 7 3 15
0 20 12 9 2
19 7 17 8 4
3 11 4 2 12
11 32 32 1 11
1 35 6 1 9
2 3 2 3 23
8 4 1 1 11
3 19 2 7 2
39 3 3 11 7
20 7 27 10 25
0 10 1 5 3
10 26 10 54 2
4 12 2 0 6
0 1 21 3 6
10 4 25 1 5
2 3 7 20 4
1 5 6 1 2
2 0 20 4 0
12 1 20 7 11
15 15 18 2 4
8 13 7 1 2
1 0 1 9 18
1 11 17 18 6
2 6 7 2 3
5 16 17 6 17
10 3 26 10 3
7 27 13 2 11
4 13 12 3 10
0 6 3 6 9
7 16 19 1 50
5 11 11 38 2
27 14 4 9 7
0 1 5 7 8
12 3 17 5 4
1 6 21 8 1
17 18 44 10 0
2 3 0 5 10
7 5 7 2 2
8 6 0 6 6
4 2 12 4 2
22 1 6 5 18
8 12 6 12 17
8 1 10 1 9
0 12 24 5 2
2 2 6 16 0
7 20 7 11 3
10 5 4 1 4
6 12 13 32 17
17 9 5 1 1
18 3 0 3 0
5 3 6 5 0
20 6 0 2 18
7 2 9 4 5
2 1 4 31 19
17 12 2 10 57
5 22 6 14 3
8 0 13 5 20
10 6 9 2 0
0 12 15 2 20
9 14 11 7 5
7 2 17 10 16
14 6 4 2 7
2 25 4 1 6
3 1 2 0 2
38 1 4 3 3
5 0 7 18 13
15 1 0 1 25
3 3 12 6 2
13 25 4 9 4
3 11 24 15 4
7 3 3 4 5
0 3 18 43 4
0 4 5 4 26
7 17 25 11 0
11 42 1 1 3
20 24 1 1 22
17 12 0 2 0
18 3 8 1 1
17 13 26 4 13
4 2 4 10 1
2 0 36 16 6
5 10 4 1 14
13 3 13 11 3
0 8 16 18 5
3 6 6 9 5
0 3 3 1 8
9 0 8 7 12
24 12 2 0 5
28 2 3 10 1
9 8 13 5 0
7 3 2 6 12
2 1 1 4 51
4 9 10 1 8
18 6 1 9 15
8 1 7 2 26
14 15 3 5 2
0 0 3 20 30
11 3 23 4 2
6 17 15 4 2
9 22 17 1 0
1 3 0 7 16
10 17 9 8 3
0 0 1 6 4
8 6 2 18 3
1 3 13 3 0
9 14 3 2 3
1 8 0 18 5
3 7 11 2 0
4 2 4 28 6
24 4 3 4 13
10 4 14 2 12
14 27 0 7 5
13 35 0 26 12
25 5 1 2 9
1 9 5 10 0
6 3 25 0 1
2 9 5 16 2
4 4 0 14 0
33 5 17 5 12
21 2 4 19 2
10 0 1 1 21
21 1 36 7 10
8 15 4 6 1
4 20 11 0 9
1 15 6 1 23
12 13 2 11 17
5 21 2 1 1
8 3 2 2 9
1 9 0 23 3
64 19 7 3 9
11 4 13 2 7
2 13 10 9 25
21 2 16 26 2
11 15 17 12 22
1 0 30 0 1
5 4 28 2 22
19 8 2 5 4
1 3 0 3 12
9 8 13 2 7
14 8 7 0 1
6 18 0 0 2
2 7 30 2 22
0 8 5 7 6
0 3 6 2 2
20 3 5 1 24
3 2 3 5 3
1 0 36 0 8
6 2 15 9 0
5 2 1 7 0
3 34 14 2 1
3 22 2 3 1
8 1 0 6 5
9 0 22 4 0
3 5 5 13 5
4 0 0 33 7
0 6 4 34 0
11 55 8 16 8
11 0 13 0 11
1 1 4 4 3
4 1 0 8 0
1 8 3 8 0
1 0 14 3 4
6 9 0 2 6
13 6 12 1 8
5 0 6 22 3
26 3 0 21 5
1 1 10 1 1
10 32 8 5 10
6 10 17 8 5
17 14 3 9 4
30 8 8 1 8
7 1 2 4 0
30 4 4 6 17
16 2 10 5 2
5 8 0 8 0
2 33 1 5 0
2 1 16 14 2
7 37 2 1 12
2 24 4 2 6
1 1 3 11 22
6 4 8 9 11
9 0 3 14 19
2 1 2 16 2
15 16 11 31 12
5 21 9 0 9
0 4 2 4 2
4 1 5 17 7
5 36 0 4 13
0 37 1 19 3
30 2 16 18 6
1 0 1 7 0
1 2 4 16 26
12 1 1 2 4
1 5 21 1 19
0 1 6 5 2
1 1 22 24 4
20 1 19 7 17
4 4 9 17 27
5 0 26 5 6
2 11 1 10 11
9 0 4 0 15
32 7 3 16 1
13 7 0 21 3
18 19 2 27 9
12 0 17 3 1
23 24 4 14 16
16 2 1 34 4
2 1 0 6 2
21 18 21 3 5
1 5 1 18 1
21 17 7 7 38
5 2 30 2 2
41 1 6 1 0
9 3 6 16 0
6 21 14 11 1
0 6 4 6 1
8 5 0 10 25
2 2 0 8 10
22 21 5 12 4
4 0 6 3 4
3 2 45 10 3
31 22 4 14 9
3 0 11 2 9
6 5 9 11 6
7 4 20 19 2
2 8 30 7 1
7 1 3 0 3
7 3 3 1 31
6 0 1 9 7
0 4 1 1 2
10 45 17 2 14
6 1 12 3 6
11 3 2 0 10
19 10 14 5 2
0 13 1 23 2
11 4 6 8 2
7 16 2 12 36
9 18 0 1 7
1 2 0 1 0
16 3 10 0 11
8 15 5 1 56
1 6 1 6 2
0 0 2 3 9
16 12 4 12 9
48 13 11 8 7
23 1 7 13 2
7 28 8 6 1
9 19 9 2 20
10 4 6 0 31
8 3 62 0 19
5 5 16 8 0
7 9 1 2 1
0 4 0 5 6
29 27 11 2 7
38 1 13 2 0
7 31 1 5 7
4 3 8 11 0
23 7 4 24 8
24 10 0 4 7
1 26 11 4 1
8 0 5 2 39
0 2 0 5 15
20 19 11 3 0
15 4 3 11 1
19 2 31 0 6
12 9 9 17 4
4 4 10 13 4
1 50 36 6 22
30 1 6 20 15
1 19 10 0 6
6 12 5 3 1
2 33 3 2 2
2 9 0 0 0
23 3 12 5 2
5 4 7 19 5
8 3 11 1 3
15 8 14 3 3
10 0 10 1 6
0 26 6 6 3
9 13 34 3 0
5 25 3 2 3
11 4 6 3 19
4 2 5 0 1
12 8 1 17 34
1 3 10 2 1
4 21 14 2 26
9 1 6 1 1
22 19 44 0 4
24 3 9 0 4
11 5 9 10 13
18 0 16 17 5
14 25 12 0 3
15 6 5 0 4
19 9 3 23 12
5 3 4 7 7
3 0 16 3 16
2 22 0 29 10
3 2 15 6 18
4 3 17 9 15
4 10 28 9 4
19 2 18 30 3
19 20 8 9 3
8 0 8 24 13
4 15 22 19 3
46 17 20 1 10
10 2 26 9 17
5 6 9 24 21
9 37 4 3 4
15 6 0 7 12
2 2 26 23 7
13 8 3 0 2
11 4 13 4 0
15 30 6 1 1
13 0 2 19 15
2 2 7 7 36
25 15 3 1 8
0 6 3 9 0
11 8 0 0 17
6 2 4 1 7
2 3 9 19 2
15 14 1 7 7
22 4 7 6 12
1 15 6 21 19
1 22 9 4 4
1 23 10 6 3
8 5 0 6 26
12 8 25 0 2
15 6 1 14 1
4 13 0 29 37
5 4 16 3 6
1 5 3 8 15
18 6 15 5 17
13 0 0 6 1
0 11 3 1 17
0 0 8 13 2
25 3 42 1 5
8 16 1 1 3
71 0 11 11 18
34 6 27 3 2
2 1 8 15 37
12 2 17 3 1
19 0 0 0 9
22 0 17 7 7
7 33 2 22 6
15 3 0 10 13
5 11 22 1 5
0 10 5 5 24
0 6 4 12 6
4 10 18 7 9
13 0 60 4 3
4 14 18 4 6
17 10 2 15 16
4 17 6 2 3
0 2 2 8 14
11 22 3 11 4
0 0 17 25 14
3 25 3 11 14
1 18 11 1 5
0 6 6 2 4
0 8 29 5 2
6 19 0 13 4
0 0 3 14 6
0 0 29 0 20
3 25 20 2 34
8 2 5 0 12
14 4 3 10 14
16 15 8 9 2
6 2 13 7 37
7 0 2 12 8
4 3 0 5 2
3 10 1 0 18
17 10 8 3 4
30 15 3 8 2
0 3 0 5 1
15 1 0 4 0
10 14 8 17 0
1 2 0 1 24
0 4 3 3 6
2 9 0 17 1
7 4 7 8 0
8 2 4 3 19
6 2 3 13 7
0 2 4 0 12
12 0 0 6 8
27 4 8 7 2
0 4 10 17 3
5 10 0 1 12
13 14 0 6 2
10 5 5 12 29
5 4 3 4 26
34 1 10 3 2
11 18 41 4 0
2 5 17 3 0
12 4 11 3 1
33 0 1 2 10
4 8 20 19 0
3 10 6 32 4
3 3 19 8 8
13 4 1 37 6
2 3 0 9 11
2 18 4 10 0
13 3 19 9 25
0 2 8 5 0
5 27 1 0 4
0 5 1 5 1
25 40 10 17 10
3 3 2 4 41
4 7 0 5 1
9 5 9 4 16
7 16 12 5 6
2 3 15 9 19
2 1 43 1 2
33 20 0 18 4
22 6 7 1 1
15 1 20 0 14
14 4 6 12 4
14 15 18 4 9
0 11 6 0 26
15 7 42 0 0
6 3 5 1 24
4 30 4 1 8
8 1 18 5 0
8 16 13 0 6
4 14 9 6 6
3 8 0 9 11
13 5 2 5 8
7 8 1 30 6
37 0 1 0 2
4 3 9 8 0
2 0 2 17 6
51 1 7 14 17
4 4 3 11 22
2 12 9 2 7
6 5 13 8 17
19 89 7 0 2
0 8 3 28 13
0 25 3 9 12
13 0 6 2 5
10 45 0 5 4
2 17 8 11 9
1 11 0 1 3
28 0 1 17 12
7 8 1 14 34
13 7 0 1 3
0 5 21 33 36
4 3 5 5 66
46 52 14 13 5
16 4 4 17 23
0 1 2 9 2
3 5 1 0 4
4 12 0 2 18
13 10 7 0 10
10 11 0 17 3
5 4 21 2 9
3 47 1 12 17
14 0 9 5 6
11 2 0 9 6
8 22 1 6 0
8 0 1 2 31
10 17 2 0 2
5 7 6 2 42
6 22 11 12 17
9 4 7 4 0
3 3 7 10 13
0 5 8 16 20
1 10 11 13 7
36 5 16 3 2
16 7 4 2 1
0 0 29 1 4
6 1 3 3 17
23 8 0 32 13
7 20 18 11 9
12 10 0 6 12
66 15 13 10 0
0 17 14 0 2
4 32 44 4 20
7 14 18 3 22
5 6 4 14 5
19 29 2 14 26
1 3 6 3 8
15 18 7 3 14
0 0 38 2 19
0 2 8 1 5
17 31 1 14 6
3 26 9 0 3
3 16 1 36 20
1 6 5 7 2
8 0 18 5 5
0 0 11 20 10
11 6 0 41 0
2 9 25 3 18
4 0 3 11 9
16 0 2 9 11
3 3 2 5 0
1 0 11 1 0
5 4 14 4 8
18 2 13 20 5
12 1 0 17 2
30 0 2 14 19
0 3 2 3 25
11 1 1 13 12
7 26 0 6 26
0 8 20 10 5
3 6 13 11 0
2 5 18 4 1
5 2 8 11 2
9 17 23 27 1
10 14 13 18 13
0 0 9 8 1
1 14 19 0 30
6 14 3 1 14
13 6 9 2 5
24 4 3 5 1
2 2 15 7 8
1 15 5 3 5
8 1 13 4 12
19 4 17 2 4
9 40 11 1 0
2 2 8 0 15
5 0 5 0 4
1 5 2 11 7
8 3 9 9 5
0 7 0 4 21
0 35 0 4 2
5 19 11 10 0
13 3 19 0 1
4 16 3 37 1
1 28 4 30 20
2 17 8 8 5
13 28 5 20 3
3 2 5 7 13
12 17 5 10 1
18 8 1 6 33
18 3 16 14 22
0 1 3 25 4
0 2 17 3 11
10 5 11 2 26
1 20 10 12 8
7 0 2 11 5
27 23 2 7 17
3 8 9 24 5
3 13 23 2 20
0 3 10 6 4
3 0 20 2 1
2 5 5 23 5
2 1 18 16 0
15 13 4 5 24
19 3 8 27 2
16 5 21 1 29
9 16 30 4 1
9 2 1 5 9
3 15 15 2 6
0 12 0 39 0
8 1 12 0 1
8 1 5 4 6
1 14 30 16 21
2 0 0 10 14
13 7 18 17 2
13 12 2 6 3
16 38 16 14 17
7 2 2 7 8
4 5 7 3 2
8 10 12 10 0
0 21 7 14 1
3 12 6 5 6
13 3 8 29 1
2 0 11 10 6
1 29 2 17 12
63 30 16 15 8
41 10 1 1 0
16 8 3 23 5
6 12 1 5 0
1 9 20 0 3
15 12 3 7 27
2 35 24 17 0
2 17 24 14 6
0 3 4 20 4
1 4 8 15 14
14 13 13 0 5
4 1 3 20 2
3 32 1 30 3
0 3 11 13 3
7 0 1 2 1
3 1 8 2 0
12 9 11 2 12
1 1 6 6 12
5 0 5 27 0
10 19 0 8 23
2 14 14 11 12
10 3 3 7 21
5 6 3 1 2
2 5 13 0 1
3 1 7 4 18
27 22 10 1 37
17 31 4 31 1
5 9 9 3 4
1 1 2 14 6
1 0 3 5 6
7 44 1 6 0
28 4 3 0 10
13 4 7 21 1
2 1 12 20 2
4 10 5 0 10
0 14 12 1 26
28 0 17 0 7
11 9 11 0 40
6 9 0 9 11
2 23 7 4 1
21 6 0 48 19
35 3 1 9 2
7 8 7 6 0
32 4 2 5 5
2 3 0 8 3
7 19 4 13 24
7 10 18 16 9
5 1 6 15 2
5 5 5 1 0
22 6 8 0 4
1 20 3 17 4
1 16 8 6 12
1 9 1 1 9
3 11 5 1 6
22 6 1 13 4
49 8 5 11 1
0 15 0 0 2
0 5 5 9 12
8 8 12 1 3
0 0 3 4 0
10 7 1 4 29
0 19 13 2 4
1 13 16 13 10
0 14 5 13 6
1 2 0 6 2
3 10 10 11 1
3 2 0 24 2
16 5 6 5 2
1 10 0 1 4
0 0 5 27 14
0 7 4 2 1
2 0 0 21 7
2 38 8 3 13
3 4 28 35 20
2 9 7 4 7
7 0 22 15 19
3 6 1 13 21
14 2 10 18 30
16 3 30 23 1
0 0 8 9 28
10 0 6 5 0
1 35 17 1 4
14 11 2 8 16
86 5 15 42 0
29 22 17 21 19
1 0 10 1 9
8 13 9 10 15
4 0 4 3 47
9 5 10 20 4
23 5 9 10 1
12 8 14 8 1
23 0 4 4 3
15 35 0 4 0
5 4 3 15 37
20 21 6 5 2
10 46 0 0 6
2 21 14 1 24
0 13 27 12 1
5 2 3 38 8
12 6 1 5 0
25 15 1 3 1
2 4 11 16 5
17 4 3 15 7
4 7 4 2 2
9 0 34 30 11
4 0 4 19 14
2 10 3 30 16
2 30 0 14 9
18 13 1 3 6
10 15 13 8 12
1 2 13 3 18
5 5 15 2 14
5 14 2 0 10
3 3 9 0 12
16 2 6 2 14
0 7 6 17 1
7 4 1 21 20
22 5 5 14 7
3 9 1 7 1
13 7 0 79 4
13 14 22 7 13
6 0 0 28 35
0 8 7 8 39
14 1 0 6 3
1 7 1 4 3
0 20 3 8 6
1 5 13 33 2
11 6 0 4 7
3 4 0 15 50
11 16 1 6 3
11 12 1 4 1
2 2 8 2 5
0 4 12 5 11
0 19 21 3 7
10 1 9 8 10
6 30 5 12 0
24 13 12 6 11
6 0 10 0 23
9 2 20 0 15
13 25 25 15 4
5 6 3 2 8
10 8 5 9 15
0 14 20 1 3
9 4 13 8 22
2 13 1 1 0
13 2 13 0 2
6 3 0 10 17
24 4 12 6 0
1 8 8 25 15
0 14 3 3 0
9 0 4 11 5
1 6 3 0 6
14 27 7 10 0
1 0 4 8 18
1 35 0 33 10
1 1 6 8 33
13 4 2 4 7
1 0 12 8 5
4 7 18 31 12
6 0 2 12 0
23 8 0 20 3
2 17 5 4 4
0 10 7 1 24
9 0 8 32 51
15 6 5 26 22
10 2 1 12 3
30 12 33 1 5
22 13 30 8 1
3 11 10 1 6
16 16 3 7 14
6 23 11 3 4
3 4 46 4 4
1 19 2 23 4
18 10 5 19 8
9 5 36 9 4
1 0 35 12 32
16 12 5 21 1
4 0 25 3 4
12 4 5 1 6
8 0 2 10 23
14 7 1 9 2
23 0 7 2 7
12 6 9 2 5
24 3 10 19 1
9 22 5 5 1
3 1 2 9 3
23 17 5 2 5
2 7 19 29 9
9 0 5 21 8
1 2 7 3 18
2 0 5 22 4
17 11 0 43 18
4 2 2 22 32
8 36 4 4 35
10 8 0 3 0
25 1 2 9 7
14 12 11 23 5
1 2 4 16 0
0 14 3 32 2
3 3 0 0 10
42 7 1 11 12
5 5 10 4 1
3 42 1 3 7
4 7 11 10 3
2 0 20 4 4
10 4 5 5 12
1 3 2 11 3
25 3 2 1 11
1 5 0 21 10
9 7 15 29 1
20 2 1 10 10
4 2 0 2 26
4 5 21 21 25
4 10 3 5 11
7 26 11 2 5
8 1 8 8 5
7 8 44 36 4
2 4 0 2 5
17 40 6 8 0
11 3 27 27 7
2 12 9 14 1
8 6 15 2 8
3 24 1 6 3
1 8 5 6 6
15 3 0 5 2
3 7 0 8 8
0 5 30 16 22
1 29 2 4 1
48 9 1 1 38
6 0 7 1 2
5 10 0 5 1
11 4 8 6 8
2 11 1 3 9
8 75 1 10 10
3 5 1 12 4
8 5 4 1 4
7 35 4 50 4
16 19 5 8 1
2 16 7 17 21
1 3 1 5 8
3 4 4 29 14
2 3 9 42 6
4 3 23 4 1
5 4 5 2 8
4 1 9 17 1
13 2 6 5 2
7 2 10 13 8
6 21 3 1 16
0 16 70 16 13
0 3 6 15 19
20 0 6 0 0
0 6 3 5 4
8 4 17 2 1
2 1 10 4 7
3 4 1 0 34
16 5 9 8 9
0 2 4 5 0
13 52 5 3 6
20 0 2 5 7
3 0 1 10 12
47 10 13 5 2
15 15 3 5 26
6 0 24 3 11
21 3 5 2 1
3 4 4 2 3
9 0 32 11 8
2 17 8 0 12
7 10 6 7 27
3 22 27 8 3
15 3 1 5 5
13 2 6 1 2
2 3 21 5 12
7 38 13 1 24
2 15 1 3 1
8 0 34 10 3
5 7 1 0 4
11 27 11 11 5
9 22 0 3 12
6 14 11 3 2
5 4 0 15 3
0 5 8 11 5
0 10 22 7 2
12 18 11 0 15
12 3 6 2 4
4 5 3 0 4
2 1 16 11 11
11 31 10 47 17
10 6 26 11 2
12 12 5 15 8
12 5 0 8 28
28 3 12 2 0
0 21 1 2 16
11 4 1 2 1
6 12 5 18 22
9 0 1 3 9
6 12 3 6 8
6 4 14 4 23
12 20 2 0 12
2 3 1 12 1
7 8 0 4 1
5 4 24 1 26
3 22 11 3 2
6 0 2 5 24
10 3 4 0 3
36 8 19 18 8
18 25 1 8 2
2 16 11 3 20
0 4 5 9 0
16 10 7 5 5
0 16 0 2 2
12 5 6 4 10
7 5 13 7 29
0 0 10 4 1
1 7 9 7 3
2 0 0 8 5
1 6 10 19 6
12 2 6 7 1
11 15 10 15 1
9 19 6 16 7
14 7 14 5 13
7 28 2 6 3
20 7 7 27 0
1 10 37 15 68
19 13 11 32 16
1 13 16 12 4
13 1 1 12 26
3 6 2 2 0
2 0 13 1 38
8 4 18 12 5
1 3 1 3 0
3 19 9 1 0
14 1 0 1 7
2 2 17 1 12
1 5 1 5 12
