3 3 1 20 16
2 9 28 18 20
0 1 7 1 14
13 4 0 0 11
18 2 11 14 11
3 15 31 10 0
8 12 6 9 11
2 8 9 4 9
6 1 1 3 24
3 17 3 3 1
38 18 27 15 18
6 7 3 7 7
32 7 2 1 4
11 4 6 23 19
27 2 16 1 4
2 0 12 6 6
2 25 4 2 26
3 8 0 7 1
9 4 3 2 5
4 28 17 1 6
2 8 4 17 3
4 6 6 16 9
1 0 3 5 2
3 1 4 12 0
5 7 14 0 31
7 21 0 0 21
0 18 15 23 5
5 8 5 4 3
9 0 42 25 4
12 0 0 9 1
3 2 7 12 6
0 5 10 0 11
16 1 11 2 5
0 7 34 19 10
2 9 2 1 0
6 12 17 11 5
4 0 17 0 2
2 17 24 19 5
11 9 2 2 26
8 2 32 16 20
1 13 5 2 12
7 7 11 1 1
5 6 48 0 2
10 2 8 14 2
13 1 4 7 4
1 6 10 26 0
4 0 2 2 1
2 10 7 11 4
23 11 7 13 5
24 0 0 7 9
10 2 4 12 12
1 4 2 3 14
1 6 7 3 6
0 5 11 1 10
4 7 14 18 5
32 13 2 5 0
30 5 1 11 0
0 10 1 11 3
6 2 7 5 3
3 16 3 9 15
2 3 20 2 31
7 4 9 12 28
14 9 20 3 7
30 4 5 3 0
3 25 0 1 34
2 5 5 14 7
5 2 10 4 36
2 3 6 4 0
6 10 9 1 3
32 1 1 4 22
0 8 9 6 16
6 23 1 5 7
19 6 8 10 4
3 2 6 3 19
27 1 7 7 1
4 7 5 1 0
1 11 9 0 7
0 8 1 8 16
9 1 6 6 3
29 1 8 23 4
13 10 26 3 16
59 10 11 12 0
2 8 3 47 14
8 2 15 0 5
5 0 2 11 7
8 8 2 3 6
0 11 14 5 8
5 16 8 0 4
0 3 5 3 12
6 2 19 19 5
5 18 14 6 22
3 5 2 8 1
6 1 6 1 8
0 3 6 7 11
0 5 10 7 0
3 2 2 1 9
7 36 3 2 4
24 3 11 10 37
2 1 6 3 12
1 10 17 11 11
5 5 24 8 9
35 54 1 4 1
2 16 6 11 1
5 3 5 2 11
11 3 3 27 7
46 2 6 3 8
7 4 26 35 14
31 9 13 9 6
5 6 0 6 11
15 18 0 17 2
10 6 47 1 1
1 16 21 18 19
6 9 2 6 0
4 1 1 12 6
17 4 16 12 8
2 29 24 22 7
16 16 12 19 14
5 1 11 22 2
6 1 5 8 11
1 2 2 2 0
2 0 7 4 5
16 9 4 18 7
1 16 5 2 26
14 8 1 8 1
1 2 21 9 2
4 14 0 18 11
5 11 2 0 1
8 2 18 11 9
7 6 62 4 2
10 4 14 15 11
10 33 13 2 8
1 24 8 2 7
14 0 7 1 0
20 0 6 2 5
25 2 2 5 2
10 24 14 10 7
10 13 34 10 14
0 2 3 1 1
4 0 3 18 13
1 0 7 1 13
0 2 10 0 3
31 12 7 13 3
6 3 6 4 1
0 16 1 3 2
0 16 1 2 2
21 4 1 8 5
37 2 1 7 20
6 10 6 0 3
28 0 13 58 1
27 7 1 13 7
2 0 0 6 20
2 0 20 8 0
6 0 0 5 5
7 6 11 8 4
6 1 5 3 22
4 8 7 8 9
3 3 10 4 35
13 21 4 4 17
6 1 48 11 7
1 6 5 5 2
0 0 3 2 7
16 1 12 6 3
12 1 59 6 32
1 0 3 1 2
2 19 5 1 2
6 16 7 6 27
4 12 0 5 6
18 2 11 1 18
0 9 3 2 2
2 20 20 0 13
10 0 12 19 22
30 1 9 7 7
11 10 0 5 33
16 19 5 6 0
11 0 14 1 14
15 3 7 13 3
2 9 7 15 1
0 6 24 0 2
4 4 3 6 10
6 8 10 10 10
2 0 1 7 28
17 5 10 6 0
4 4 0 2 21
4 15 8 16 1
7 11 5 1 22
26 35 12 31 6
8 1 24 1 7
2 14 4 0 5
7 1 1 1 0
3 7 1 3 14
2 3 4 11 2
20 8 8 5 0
1 7 14 3 28
15 2 2 33 37
30 3 0 16 22
5 0 5 16 11
2 13 6 2 8
7 21 3 0 2
31 1 26 4 5
12 11 6 4 4
0 18 22 6 2
4 6 3 27 6
8 9 4 2 3
7 4 16 1 1
12 13 1 7 2
4 5 0 23 4
1 3 28 21 6
5 0 8 19 2
5 3 7 0 1
3 3 13 10 0
6 5 1 0 4
15 0 11 16 5
18 4 2 6 10
0 0 3 9 4
4 12 5 2 8
9 26 8 6 10
3 3 20 1 2
10 11 28 1 11
17 8 29 2 9
16 4 1 23 1
4 1 0 0 22
4 29 7 0 6
2 0 4 1 3
0 8 3 15 4
16 16 2 10 22
1 11 33 11 7
18 11 7 17 0
52 0 4 34 1
2 15 4 0 24
1 6 6 0 17
7 3 7 9 11
8 8 10 0 4
7 4 2 16 2
6 7 0 2 10
2 15 5 2 0
2 1 6 20 4
3 6 1 41 4
4 38 7 0 0
2 5 4 20 21
2 10 2 4 4
0 1 9 17 2
10 0 2 7 15
14 15 1 5 1
11 1 2 4 0
2 8 9 1 0
6 8 23 2 3
5 10 9 2 20
2 11 9 20 1
4 25 16 11 4
7 0 41 4 1
3 3 26 46 0
2 21 1 0 18
3 5 27 2 0
18 5 0 15 2
29 23 4 4 35
16 9 3 15 1
0 14 50 12 5
7 2 17 2 16
11 12 0 2 23
0 2 5 6 10
2 9 27 4 1
15 1 21 3 0
2 11 7 7 10
1 0 2 23 0
4 15 18 1 6
21 8 5 9 26
2 0 20 35 10
13 15 16 10 6
9 1 16 13 15
5 18 6 10 6
4 9 4 1 7
3 1 1 12 6
45 11 7 2 11
15 7 12 4 6
3 24 6 0 33
4 5 5 10 18
6 2 0 4 0
48 11 0 16 14
4 5 1 5 8
2 13 28 0 34
20 5 12 2 22
6 7 11 12 1
0 1 1 7 8
6 1 4 4 1
0 10 1 13 15
2 9 8 13 20
12 2 2 13 2
14 0 8 1 6
22 4 10 3 3
17 4 5 6 29
17 0 12 18 11
24 8 1 0 6
21 22 4 6 4
23 2 32 9 3
7 5 3 0 0
5 6 0 39 7
0 4 30 9 9
33 15 3 17 10
1 8 2 35 0
1 8 26 11 19
18 27 6 16 6
0 13 8 1 0
4 13 3 2 11
0 12 13 15 11
3 2 16 2 6
21 4 33 23 3
0 12 12 7 1
4 6 1 5 1
4 11 16 15 16
12 17 7 11 5
12 3 9 5 3
1 3 2 15 3
7 7 14 6 1
8 4 3 3 7
12 1 3 3 4
17 14 11 2 27
3 12 2 4 38
11 0 5 7 7
6 17 2 2 3
2 5 19 0 1
0 9 4 1 3
7 0 16 3 22
0 1 35 6 0
3 6 4 3 4
6 1 1 12 6
0 12 20 1 7
22 11 9 41 3
11 1 12 17 26
2 13 0 25 9
0 38 0 4 1
12 2 26 1 8
0 12 22 1 56
8 16 3 9 21
2 4 2 9 5
0 4 26 2 5
1 2 10 14 33
7 6 0 2 5
2 11 0 3 5
7 3 13 1 49
2 4 6 6 14
18 5 0 20 1
6 9 10 4 18
8 12 12 24 3
0 1 11 6 7
5 1 2 2 8
18 4 1 17 0
1 5 12 23 18
2 13 5 6 0
7 2 6 21 6
21 3 7 6 2
12 6 7 14 4
11 15 2 20 0
1 5 0 5 22
13 4 13 6 11
0 0 10 13 8
3 3 3 0 32
3 15 2 13 7
1 11 0 4 11
16 0 14 2 32
6 5 16 18 2
9 0 5 16 1
4 4 22 6 5
3 15 0 4 11
2 3 38 22 5
14 5 4 0 3
17 7 12 3 1
4 14 2 6 3
8 6 16 2 1
27 2 1 5 0
4 3 9 3 14
10 0 6 7 17
14 6 4 3 9
3 0 11 4 6
6 11 19 12 1
9 24 12 15 0
23 8 19 0 11
5 1 14 2 8
1 3 7 1 4
2 0 8 3 2
22 0 7 15 17
24 5 11 14 15
20 34 5 2 4
10 0 1 0 0
1 0 2 58 11
11 12 24 17 18
3 2 27 1 8
2 0 4 2 22
6 7 1 4 11
17 4 1 4 18
5 10 3 7 4
0 0 3 9 13
6 5 0 0 6
4 1 4 13 1
0 8 16 14 9
14 1 3 5 9
22 5 1 4 6
10 5 9 1 4
7 10 22 12 5
8 7 42 3 4
17 18 9 1 1
15 7 13 3 8
6 0 11 27 41
6 18 3 2 5
8 5 6 0 4
4 3 2 6 0
24 13 0 13 6
11 16 33 5 8
11 4 6 4 4
7 18 6 1 0
1 56 2 19 4
17 3 12 5 4
0 6 2 8 7
7 7 20 11 9
8 0 0 1 16
4 14 9 10 38
8 2 2 11 24
31 0 7 1 10
8 9 8 5 17
10 5 7 2 11
8 2 4 28 16
9 2 4 18 36
2 0 8 12 4
1 11 3 1 0
1 3 3 2 13
1 1 35 41 8
9 1 34 8 5
26 25 0 1 0
0 33 4 0 7
29 7 2 31 3
16 3 2 12 6
1 2 15 13 12
9 0 1 0 5
13 21 1 12 1
5 6 7 2 20
5 1 3 7 8
14 0 2 8 23
1 0 4 8 9
1 0 0 2 8
7 2 4 13 2
20 7 8 1 0
8 19 0 7 6
8 24 0 2 5
23 7 3 12 11
3 22 0 13 6
20 0 0 11 0
1 16 3 7 14
17 2 1 1 14
6 3 2 1 14
4 22 1 1 14
2 5 5 11 5
2 0 2 3 7
10 3 11 48 0
8 5 0 8 3
0 19 6 0 29
47 3 9 31 8
16 9 14 0 4
6 23 27 10 16
2 6 4 11 6
12 5 29 3 0
0 11 11 0 2
9 2 19 3 17
0 19 8 7 4
21 4 13 3 4
36 10 30 12 2
5 4 3 24 12
4 4 15 8 11
18 10 14 0 4
1 51 14 5 1
12 4 4 2 2
6 35 0 0 23
1 1 3 10 20
43 17 3 10 20
20 4 2 3 3
2 6 2 4 1
3 15 14 19 47
8 3 12 4 0
3 3 45 22 6
0 15 26 20 11
1 0 0 15 17
20 0 1 17 31
13 1 47 11 2
11 3 26 1 5
4 6 0 33 2
2 19 22 0 3
7 3 23 10 3
0 4 6 26 0
21 3 5 5 7
34 7 4 12 7
12 13 6 8 4
5 10 0 63 20
16 4 5 0 28
14 18 3 7 7
6 3 27 0 8
1 4 56 0 4
10 14 3 15 18
6 11 0 7 8
4 1 7 5 6
14 22 14 0 1
32 43 5 3 13
5 4 1 10 20
15 9 18 14 7
3 20 7 0 0
0 0 10 1 41
13 9 3 19 3
3 0 2 2 1
30 3 0 1 0
10 19 7 2 7
0 17 14 19 6
9 9 16 5 20
11 3 0 0 8
20 0 3 6 0
0 6 3 10 16
20 11 14 9 23
4 2 49 8 4
8 8 1 41 6
7 10 8 9 1
13 2 3 5 6
6 9 20 2 15
12 11 9 8 3
5 12 4 4 7
3 1 1 17 8
2 2 2 25 3
8 4 5 18 8
25 4 2 7 0
2 24 0 10 23
22 3 0 5 1
39 0 6 4 0
19 4 22 46 24
11 6 7 15 5
14 0 20 11 5
1 11 17 1 2
10 0 3 5 0
15 11 29 25 1
7 8 1 26 7
16 9 17 8 0
54 2 3 6 4
0 4 71 2 4
1 19 2 6 3
6 6 5 5 0
0 4 1 9 16
20 0 6 4 16
5 2 12 24 43
0 2 6 6 9
11 7 9 2 0
0 1 10 2 35
3 12 6 2 4
14 0 7 18 2
3 1 2 3 14
2 17 4 10 4
11 11 22 4 11
5 4 18 11 0
12 2 0 1 5
1 2 9 2 6
14 3 5 2 8
11 2 21 11 7
35 15 2 28 3
0 2 23 7 5
0 1 3 15 1
16 8 9 3 15
26 4 12 15 4
12 22 15 3 3
29 1 20 6 7
3 9 9 4 8
6 18 21 6 9
1 11 4 16 5
13 22 9 9 7
1 0 2 13 3
11 7 7 1 8
0 2 6 1 23
0 20 0 25 12
22 27 0 13 4
20 6 2 26 22
11 2 10 22 25
0 5 5 2 8
34 14 4 4 1
5 0 4 8 0
3 26 8 2 21
2 17 2 10 0
24 2 7 17 16
16 4 2 0 16
0 6 8 29 4
8 0 4 10 14
24 10 0 25 6
12 3 3 36 8
3 9 14 6 22
14 4 3 8 2
0 34 6 0 1
0 16 9 0 2
24 10 8 10 9
1 0 18 15 0
5 33 8 5 24
5 18 23 0 7
9 1 13 11 3
14 1 9 7 15
15 9 0 8 11
4 3 0 30 16
6 2 16 3 7
4 9 19 6 13
2 18 19 0 18
26 6 5 3 3
3 3 19 12 1
1 18 0 10 11
2 4 8 15 19
1 2 1 21 13
7 6 15 1 1
1 65 23 12 12
11 2 13 12 7
16 15 1 8 1
5 11 7 16 35
24 2 12 5 8
4 6 0 0 14
12 7 20 17 13
2 23 18 6 0
4 14 14 3 1
8 1 3 4 7
42 6 0 14 1
2 22 0 16 12
31 11 4 23 3
10 1 16 0 18
16 40 22 3 4
6 4 8 1 8
4 0 27 5 9
19 3 27 1 0
12 21 5 0 14
8 2 14 9 12
11 8 11 12 4
35 35 4 10 4
28 3 23 4 11
3 23 0 16 9
16 7 15 2 13
11 20 9 1 1
9 2 1 0 3
11 2 7 6 3
1 3 4 7 30
3 13 10 6 9
17 11 4 10 8
0 2 5 5 9
6 3 0 0 23
12 6 9 2 5
16 0 4 16 14
5 4 14 1 10
17 5 0 5 4
0 5 4 19 34
39 0 28 10 7
2 4 11 4 6
3 0 2 2 19
5 7 4 10 7
24 4 25 5 11
2 7 2 13 4
23 2 0 1 0
3 0 0 5 2
5 10 6 12 2
4 7 3 9 20
0 4 17 25 20
9 5 5 5 2
16 6 2 7 22
0 4 35 2 12
12 0 6 3 22
1 10 10 4 17
7 6 4 13 6
19 18 1 0 0
3 10 0 2 11
26 3 4 5 1
3 16 19 13 1
7 0 19 1 17
34 2 4 6 28
7 2 2 1 4
3 7 19 5 1
11 16 7 3 6
1 7 19 13 10
2 4 6 11 8
11 3 17 26 4
33 1 1 1 10
1 1 6 27 1
14 1 0 4 5
0 0 0 14 0
6 2 8 6 0
0 6 12 1 2
14 3 20 0 0
4 15 18 0 3
9 6 0 1 19
3 9 22 6 45
18 6 4 2 1
13 11 3 6 13
12 7 1 2 36
5 8 3 26 8
12 8 12 0 12
25 4 21 15 3
29 4 0 4 7
2 41 10 5 3
6 3 2 16 5
15 4 3 13 11
48 5 6 14 0
1 2 17 6 1
8 9 20 16 86
6 12 9 8 3
8 3 2 19 7
7 3 4 17 59
3 7 4 1 3
0 5 1 4 27
48 4 9 19 16
4 2 9 10 10
15 0 20 2 4
18 0 4 12 5
3 3 41 14 5
2 7 15 4 4
28 1 6 4 0
10 7 2 5 0
11 18 2 12 5
8 0 8 0 36
4 0 4 5 19
18 25 21 13 10
1 27 5 11 0
4 17 12 2 16
31 2 0 36 13
9 2 4 12 7
38 1 9 0 0
17 0 9 6 1
5 3 6 8 3
4 3 3 14 0
6 9 7 3 9
16 4 1 4 13
10 3 27 1 1
1 5 6 0 29
4 7 41 2 6
4 0 5 10 16
6 3 3 16 14
2 43 3 14 1
6 29 2 1 5
9 18 12 14 0
3 4 6 9 43
2 9 7 5 4
2 5 6 0 1
15 22 21 3 19
4 0 15 8 19
4 2 24 7 7
3 13 11 15 6
11 8 8 1 2
15 10 10 22 4
8 8 27 1 19
3 12 4 1 10
8 2 1 7 9
9 0 0 11 29
2 2 16 1 0
0 4 7 2 4
14 0 10 1 5
5 14 20 6 2
14 0 3 3 3
7 7 2 20 4
12 11 3 24 0
22 4 2 18 2
5 16 6 0 1
9 21 32 2 4
2 7 20 5 0
17 10 11 1 11
1 46 3 4 8
2 7 2 13 14
30 0 1 23 3
24 1 13 4 3
13 7 3 5 1
1 0 8 3 1
19 8 3 2 10
5 28 49 8 29
2 6 12 5 2
19 0 4 8 0
4 14 26 15 1
5 5 22 5 9
2 4 18 16 21
28 10 5 1 5
13 12 0 6 1
30 5 1 17 1
3 36 2 14 13
17 16 1 4 4
11 2 23 37 1
8 2 1 1 25
5 7 6 4 8
8 1 5 5 12
5 13 2 30 39
19 43 11 1 24
11 25 11 12 2
9 0 1 3 5
3 2 18 4 5
3 1 0 1 5
2 4 1 4 4
14 43 13 33 0
2 6 41 0 3
31 5 4 1 18
2 3 73 1 34
23 8 7 7 10
1 6 14 6 16
12 5 24 24 37
3 2 11 19 1
28 2 61 16 0
7 4 10 0 0
7 16 13 15 5
0 6 4 1 0
1 7 1 13 14
7 11 7 5 4
16 16 19 0 18
13 3 1 8 7
3 12 1 3 23
5 1 11 6 7
7 13 1 8 4
0 15 4 4 0
0 0 0 23 10
1 15 6 0 0
1 4 0 3 11
3 18 7 7 8
8 18 35 10 25
16 18 3 7 2
18 11 0 4 21
7 18 19 4 1
28 1 22 17 12
67 2 0 4 10
20 6 1 0 21
10 4 3 0 5
0 30 9 4 11
5 4 16 5 7
9 0 31 18 6
0 3 32 2 24
3 1 38 1 5
0 5 7 25 9
37 22 6 5 2
11 12 4 1 10
0 5 8 1 12
5 22 6 1 8
1 5 2 11 17
5 1 2 13 37
17 18 2 18 6
6 10 8 0 5
7 2 14 13 14
14 17 0 4 2
7 48 1 4 2
3 3 6 1 2
3 1 22 3 0
2 15 8 1 6
9 29 0 14 4
1 0 11 6 19
19 4 0 11 10
2 0 7 0 1
10 2 5 6 17
12 22 13 2 17
11 2 13 33 0
0 8 3 4 22
8 3 16 21 15
9 7 20 21 1
7 24 4 2 15
7 3 8 23 14
19 7 2 2 7
2 7 21 7 1
24 4 20 3 37
3 15 1 4 5
8 1 0 4 11
1 6 1 13 12
0 13 0 9 1
12 14 8 34 12
1 2 12 26 0
9 10 1 1 0
0 64 3 15 6
1 10 19 0 6
4 4 2 0 6
0 2 12 11 25
1 2 3 32 22
0 7 16 0 6
7 9 3 14 1
13 1 2 0 4
35 4 22 3 4
16 11 6 1 8
2 7 2 36 6
0 28 13 0 9
4 6 9 27 9
1 4 15 10 21
2 0 14 10 0
13 1 2 37 2
2 2 4 0 16
5 1 2 2 7
5 25 2 21 1
6 21 7 13 8
21 11 11 25 3
2 1 7 5 2
6 2 5 12 2
0 6 5 6 5
6 11 14 1 8
4 4 15 11 5
10 6 6 9 24
0 2 16 10 19
1 1 15 10 12
1 7 3 11 11
0 1 13 3 20
0 19 5 8 0
4 4 6 4 1
17 2 0 32 13
0 0 30 6 8
19 10 26 12 0
36 14 5 1 8
2 7 23 14 6
4 14 13 2 5
7 24 19 5 18
11 32 11 4 5
2 0 10 11 23
0 3 2 12 7
18 7 2 32 4
6 5 1 6 4
1 40 0 0 2
0 8 7 5 1
27 25 1 0 7
5 5 5 9 0
0 3 2 9 2
6 5 3 22 4
5 18 12 11 10
2 4 26 4 5
0 2 2 25 0
0 5 34 1 14
0 3 7 8 1
6 10 14 1 9
6 6 0 2 8
6 1 5 11 16
0 12 4 3 4
1 3 19 2 7
6 6 13 4 3
11 1 14 8 11
17 6 9 45 9
9 22 7 32 10
40 9 25 10 8
1 10 5 0 7
28 1 8 8 0
12 9 1 15 7
1 2 5 0 0
1 25 18 0 4
27 1 11 3 7
5 13 0 1 1
2 9 13 11 16
31 8 7 2 2
7 2 7 0 7
18 7 2 17 4
3 10 10 13 16
2 15 5 16 0
8 6 3 3 11
0 2 8 15 8
20 9 3 15 3
0 0 0 8 2
53 35 9 0 2
25 26 0 12 30
13 8 1 1 4
4 8 4 2 9
2 0 1 0 7
0 8 0 9 0
33 0 33 1 46
5 2 0 0 5
6 3 20 15 0
14 36 1 2 40
20 6 30 0 3
14 35 1 0 5
0 17 10 11 14
5 1 10 2 4
3 3 11 1 5
11 1 4 10 30
3 0 4 4 6
11 3 11 11 17
23 5 4 6 14
0 0 11 2 5
5 5 2 4 9
9 15 10 4 9
22 17 17 26 1
3 4 1 4 4
20 5 10 9 6
1 10 7 21 28
10 3 7 1 2
1 2 4 1 29
4 12 11 6 2
3 8 30 9 7
17 0 0 33 0
12 6 4 0 19
3 7 14 17 15
3 34 24 4 18
1 10 17 7 8
24 20 7 4 10
46 34 4 5 12
13 6 3 0 8
1 1 12 2 9
30 3 2 45 1
4 9 5 10 7
6 11 20 0 1
9 2 9 10 17
1 0 7 2 8
7 1 15 28 10
3 4 12 0 1
17 2 9 8 15
12 0 2 11 7
8 2 2 0 18
0 1 4 4 7
2 11 21 7 2
1 28 0 9 3
16 16 6 6 39
6 5 5 10 1
7 3 37 10 15
7 0 9 1 7
6 8 1 8 14
6 12 9 3 1
12 2 3 10 0
26 17 0 4 11
0 1 1 1 22
16 21 5 13 5
7 14 12 11 1
18 0 20 14 6
1 0 4 11 2
16 2 4 10 6
3 11 20 4 10
3 3 13 0 6
13 0 2 2 6
22 8 20 0 2
11 3 0 2 3
5 13 13 55 10
13 6 17 2 6
20 0 46 17 13
0 4 1 7 3
1 1 5 2 18
4 3 10 0 12
9 6 4 6 0
4 3 0 5 42
12 1 6 13 19
2 4 7 4 5
0 0 18 4 20
4 1 8 1 4
18 12 12 7 16
6 16 0 6 7
7 7 7 2 4
3 11 4 24 1
7 26 20 23 1
10 4 17 9 6
9 5 1 39 3
13 18 14 0 9
4 5 3 13 5
1 6 0 0 8
7 1 9 6 1
6 22 0 14 6
26 16 12 12 0
6 5 12 3 18
4 1 16 3 9
1 9 3 2 0
28 24 6 7 1
2 10 0 10 5
8 19 8 43 1
0 3 0 0 5
4 6 3 14 4
12 17 4 3 1
4 9 0 15 15
1 2 0 6 6
15 3 13 0 16
2 3 4 3 9
37 1 4 7 9
12 5 2 7 3
10 10 9 0 47
17 4 1 7 3
11 3 24 12 13
1 5 2 4 7
5 24 4 3 25
5 7 14 4 2
0 1 20 0 15
7 1 68 1 0
11 0 2 0 0
0 30 9 14 3
0 22 4 4 6
18 0 2 2 1
27 6 5 3 2
0 6 6 0 11
20 8 1 0 30
7 12 1 2 3
1 1 16 28 24
13 5 19 6 3
1 2 1 9 7
2 8 3 31 3
25 1 14 9 11
7 1 16 2 7
6 4 1 4 3
4 1 15 9 15
11 5 24 1 3
43 1 13 6 3
8 8 5 6 0
15 14 14 2 1
1 2 3 14 0
0 11 14 9 6
6 9 1 10 35
0 1 2 27 21
5 11 9 9 3
15 9 5 1 0
1 2 1 2 6
3 9 8 3 2
9 6 1 0 5
7 30 10 10 3
5 9 20 6 35
10 2 0 9 13
1 10 2 14 13
6 10 8 9 8
7 3 6 3 14
0 13 5 3 6
23 1 5 11 9
12 4 1 12 12
6 15 0 7 0
27 12 6 3 2
10 5 16 1 0
6 8 4 6 7
29 8 35 10 3
4 15 5 10 3
0 0 7 12 6
4 3 17 9 5
5 5 7 15 10
10 7 13 11 27
0 3 24 2 42
19 16 10 8 0
7 7 12 2 2
7 2 21 1 1
5 1 3 1 2
18 3 8 33 21
4 5 1 4 17
2 12 17 21 4
4 9 16 4 4
11 14 11 26 22
8 6 6 9 2
3 0 5 0 0
1 21 15 9 2
26 6 9 7 1
6 5 29 2 8
13 6 8 8 9
7 8 5 11 6
9 19 14 10 2
2 8 3 3 3
8 15 0 8 1
0 9 18 16 0
6 5 0 8 10
6 13 4 19 20
2 0 0 21 11
2 1 0 0 1
24 9 10 18 2
10 3 6 6 2
13 12 5 5 0
10 1 30 1 5
2 12 15 10 8
25 2 5 22 1
6 2 0 7 4
2 0 17 0 6
4 7 1 27 1
13 0 27 9 24
2 8 4 7 3
8 8 2 2 10
0 31 7 3 17
2 1 3 10 21
19 1 10 2 8
1 3 3 4 1
36 42 1 2 11
7 3 4 4 23
2 37 1 3 5
14 9 16 6 4
0 17 4 7 0
4 0 9 4 4
0 2 0 6 4
3 24 4 8 0
0 16 36 16 4
1 1 9 13 2
8 2 18 4 35
4 13 1 10 0
36 8 1 2 33
11 1 22 18 5
5 0 3 30 1
14 8 7 11 9
5 22 2 3 23
8 0 7 10 4
7 15 19 3 0
33 23 10 24 10
7 8 3 5 4
0 24 0 18 5
0 2 0 6 23
12 3 10 11 11
7 8 18 15 3
12 5 5 6 24
8 5 11 7 30
0 1 13 1 3
2 5 15 4 12
10 8 4 22 15
3 12 17 32 2
16 1 6 2 0
4 33 9 10 2
4 32 21 0 6
9 0 0 10 32
14 8 15 12 6
18 7 0 14 8
40 20 4 0 35
5 13 2 15 18
9 4 1 19 0
2 5 15 17 3
9 9 7 24 1
9 4 27 9 6
4 40 5 8 0
9 13 1 6 14
1 11 10 13 2
7 13 10 14 3
1 13 3 3 0
28 1 3 1 8
1 11 13 0 44
7 6 2 1 15
4 1 26 13 17
8 7 4 2 15
4 16 8 12 13
1 1 24 4 8
5 0 30 22 1
1 4 12 18 12
7 2 18 0 7
1 6 2 13 0
0 30 10 3 7
12 21 1 25 4
6 2 10 1 7
11 7 35 0 0
2 1 1 2 20
10 14 22 12 15
9 48 7 11 10
1 10 3 14 12
25 7 9 1 18
1 11 11 13 14
14 16 1 2 10
17 14 7 15 0
34 0 9 5 10
9 8 34 12 0
16 27 12 4 1
5 4 22 22 1
7 3 21 23 0
4 21 14 6 19
7 34 0 0 25
39 24 12 27 1
10 5 1 2 4
2 14 6 7 24
4 10 14 7 1
0 2 1 1 5
12 8 27 9 47
1 0 12 17 6
30 24 8 48 26
8 1 0 7 26
6 10 19 9 1
0 0 11 12 19
4 1 15 3 3
4 9 13 2 7
22 1 12 1 21
16 7 17 16 1
2 0 16 47 2
8 5 10 3 0
10 9 1 2 18
16 1 14 7 12
3 5 0 22 11
2 9 5 42 5
5 0 0 19 10
0 4 5 4 2
3 17 8 0 56
0 7 7 1 6
11 8 11 7 1
0 3 8 0 10
13 4 1 0 8
1 6 1 11 1
12 2 1 4 5
0 21 16 14 20
1 21 9 1 9
0 11 59 7 5
20 5 11 74 42
17 5 6 18 2
0 0 1 11 1
1 0 7 31 11
6 3 2 9 0
12 11 18 20 15
10 2 4 11 21
3 2 1 19 17
20 10 1 1 23
10 12 20 14 21
9 1 4 11 28
12 9 16 57 4
0 15 16 17 9
9 13 19 5 27
10 3 2 22 4
3 2 2 19 8
17 3 13 3 0
11 3 1 2 0
6 0 17 3 18
5 1 3 3 9
24 9 18 11 31
0 1 12 5 11
19 0 3 7 35
23 19 5 6 23
2 2 7 5 2
16 4 5 29 31
13 11 15 9 5
7 12 7 21 10
41 14 5 21 3
10 5 5 13 3
4 1 18 12 9
9 2 2 2 14
2 5 1 1 1
0 0 3 22 41
4 2 1 8 4
0 5 8 4 13
5 27 8 4 18
1 7 12 4 0
8 15 0 1 4
28 11 12 1 1
41 13 35 2 3
18 5 0 2 1
6 2 15 3 3
56 9 5 5 6
15 4 0 5 12
7 4 4 28 3
1 10 5 23 9
9 36 6 9 5
9 7 28 6 3
9 10 16 9 1
3 2 7 4 3
4 6 2 12 24
4 3 26 14 4
13 9 3 0 22
0 0 6 1 9
4 14 6 6 19
7 3 4 11 0
0 3 9 2 0
7 7 7 7 5
12 19 10 27 0
25 14 10 2 10
18 12 3 14 21
0 5 1 3 10
19 15 0 1 14
31 1 41 4 4
14 14 20 6 9
2 8 7 1 5
22 25 6 2 9
2 13 0 1 3
10 0 1 1 4
14 25 0 11 18
1 3 12 10 2
2 3 9 9 0
3 1 13 3 18
17 4 36 15 11
6 0 12 8 5
6 6 3 2 7
7 5 8 7 0
5 1 44 6 12
11 4 0 6 33
5 12 5 6 6
10 1 0 0 7
6 26 2 17 6
2 3 5 0 17
4 2 24 7 35
24 5 0 1 2
33 3 11 7 5
18 5 7 42 12
0 0 15 10 32
9 2 19 12 9
0 8 2 5 2
4 0 2 11 9
2 0 2 17 1
3 2 8 8 1
1 1 2 6 5
6 0 3 13 7
10 7 28 0 21
21 22 0 3 11
4 4 15 1 8
4 1 2 2 8
0 6 1 2 4
21 11 7 7 3
21 15 1 24 49
20 11 0 0 8
8 6 7 20 14
11 1 0 5 5
14 1 11 13 14
0 16 0 23 13
1 4 4 11 2
30 9 33 21 10
5 16 12 5 3
3 2 4 0 8
10 26 11 8 3
1 0 0 23 8
3 8 6 27 11
18 6 1 16 1
0 2 0 0 17
22 5 5 8 5
11 14 22 2 16
15 0 4 2 3
2 16 12 6 3
10 4 17 4 8
1 0 26 9 11
7 1 1 6 0
14 16 15 3 3
12 22 0 3 17
11 5 3 3 0
22 32 5 19 2
2 3 5 3 10
44 31 1 25 6
1 9 36 11 26
14 14 7 12 7
1 15 10 3 8
3 11 45 11 22
37 2 9 7 13
16 16 4 14 24
9 2 21 27 3
2 8 22 13 16
9 19 8 3 5
0 12 4 13 14
23 0 3 5 4
9 14 6 22 5
4 0 5 8 13
9 2 0 1 18
2 25 33 1 0
9 18 3 8 6
18 17 3 10 4
10 8 0 0 9
23 3 3 46 0
0 2 6 0 5
19 5 1 48 25
4 2 9 35 10
1 31 8 5 20
6 4 4 9 8
0 19 12 1 1
42 0 1 0 0
22 10 2 18 11
11 0 11 3 11
5 0 1 0 4
5 6 5 3 29
8 6 4 15 3
3 7 3 2 9
5 1 10 1 12
17 8 6 4 13
13 8 35 12 31
26 3 0 7 5
0 9 6 5 8
2 3 5 3 1
2 2 2 5 38
6 2 7 2 25
7 10 15 9 8
4 6 0 1 2
2 5 14 8 4
0 1 18 1 6
2 1 13 5 11
0 17 4 0 3
2 2 10 4 31
7 2 2 9 9
4 28 5 39 22
11 9 0 12 6
5 4 17 8 22
6 8 25 17 4
13 6 7 1 26
2 4 19 6 3
14 3 0 4 3
12 17 2 0 16
4 1 11 4 47
0 21 7 56 11
22 7 13 0 5
5 13 7 59 11
25 6 1 11 17
0 0 3 6 6
3 5 21 4 11
0 25 6 8 8
11 2 2 5 1
10 4 2 1 5
2 15 2 10 13
14 5 11 0 8
3 1 21 4 2
6 5 2 7 4
12 17 0 8 11
20 0 3 2 11
1 1 1 4 8
10 2 8 6 15
16 12 12 3 2
5 13 13 7 13
1 0 2 7 25
10 5 8 12 2
6 0 5 0 10
5 0 2 14 57
9 12 0 0 9
1 2 2 0 5
4 20 3 8 8
5 2 0 27 4
6 7 23 25 8
7 30 17 32 8
7 4 8 0 1
22 2 0 37 4
1 0 0 19 12
1 1 31 11 7
5 16 7 6 14
1 2 29 0 23
2 20 4 0 0
5 9 14 24 3
3 3 5 22 2
16 7 3 18 11
3 2 0 21 14
3 32 6 2 20
6 6 5 2 4
42 4 12 13 1
9 3 3 25 13
3 1 0 0 4
19 7 0 7 7
0 16 36 4 4
3 8 8 4 18
0 3 12 0 21
5 3 22 5 0
2 30 15 38 0
11 0 7 1 11
7 7 11 2 27
35 4 8 1 2
0 11 1 1 6
17 18 1 2 0
14 2 35 8 27
7 2 8 13 21
29 8 6 2 15
7 10 11 8 1
14 1 13 2 3
12 2 12 0 2
8 18 16 9 6
3 8 11 4 1
5 3 52 14 8
0 4 9 12 1
2 11 43 7 1
36 3 1 0 1
4 6 30 28 16
21 5 12 0 0
1 0 27 0 0
13 3 0 20 4
24 20 6 8 3
9 3 1 14 2
19 0 7 32 0
2 0 0 2 6
0 25 25 14 19
3 19 18 30 0
1 7 3 19 21
8 8 14 6 12
29 7 7 25 1
0 0 25 10 11
1 1 1 7 0
33 1 5 9 0
5 6 2 4 17
4 5 5 5 12
0 0 16 14 2
38 4 12 0 14
28 27 9 6 11
37 8 7 0 11
33 5 1 9 29
11 12 8 4 2
18 0 12 5 1
57 38 3 10 4
4 5 0 16 1
2 3 0 31 4
2 3 9 3 3
5 15 0 7 0
6 4 3 12 8
13 18 1 17 3
30 6 11 0 7
5 7 4 0 3
1 1 13 3 3
23 22 1 2 9
1 13 7 1 20
8 2 8 4 2
20 1 1 8 16
1 10 4 11 7
10 1 12 6 3
16 15 11 8 0
8 4 10 17 7
14 14 5 5 1
3 4 26 11 15
1 0 14 0 7
15 1 2 22 18
19 12 46 6 14
18 12 4 0 4
1 40 0 14 12
10 0 18 1 0
10 2 2 0 4
8 1 27 2 10
2 11 0 5 9
37 31 5 6 5
7 39 6 0 1
0 13 16 48 3
23 2 14 16 8
4 3 7 13 13
14 8 25 0 3
14 3 1 28 1
0 2 11 12 3
11 1 3 5 0
6 18 5 6 0
15 1 3 2 2
1 5 14 8 0
11 7 1 18 0
7 8 1 17 19
3 2 5 7 26
3 38 9 14 2
4 0 3 31 1
5 1 2 6 2
0 3 9 0 0
29 19 8 5 0
25 2 25 5 14
26 0 6 11 7
7 9 10 0 15
42 8 0 2 7
6 2 2 5 3
6 2 15 7 1
0 3 2 4 2
0 9 18 3 2
0 13 3 0 15
10 3 12 8 28
8 16 29 4 7
4 3 0 10 2
17 0 2 2 6
1 16 1 9 13
7 10 4 10 4
9 6 36 22 0
23 4 1 1 11
10 0 9 4 30
11 10 3 8 18
0 2 2 25 29
8 7 0 24 3
0 9 2 6 3
8 5 4 26 2
0 14 3 23 4
1 3 26 2 3
10 16 2 9 2
0 0 8 10 9
3 21 1 1 0
41 5 25 13 35
5 11 10 0 25
1 25 1 3 15
6 3 1 3 9
10 5 13 11 0
2 5 11 13 16
7 22 10 5 4
7 8 21 13 24
8 11 12 0 0
6 19 6 6 24
11 5 41 33 3
0 1 0 12 27
13 7 4 0 10
6 8 14 1 8
7 29 1 28 3
12 2 10 5 0
5 11 5 5 1
3 6 6 0 6
0 10 1 11 22
10 5 2 5 4
8 59 32 0 21
14 3 2 6 16
13 22 6 16 10
1 5 5 17 5
13 6 21 9 2
3 10 29 13 3
0 9 18 11 17
47 0 8 5 3
11 0 24 2 3
9 27 1 30 11
4 10 1 6 2
4 4 0 0 6
23 1 23 16 44
3 23 2 0 3
0 11 9 10 4
25 1 13 0 1
1 0 0 2 12
5 4 4 1 18
4 2 3 5 9
37 10 19 7 2
27 33 2 37 24
12 0 2 28 4
4 3 4 8 1
1 31 0 18 0
7 6 15 9 0
11 19 8 20 6
14 3 0 0 51
3 2 4 6 6
4 8 16 2 6
7 1 1 24 2
3 4 26 6 0
3 10 13 2 2
2 3 11 41 21
5 52 0 7 3
10 14 18 1 0
17 7 6 5 5
5 26 8 8 14
1 14 2 1 23
14 7 1 19 5
13 1 7 1 12
4 37 1 3 21
9 0 10 0 2
15 3 4 5 2
0 10 27 6 6
1 7 4 3 3
2 1 13 7 15
11 16 8 1 13
15 9 5 5 20
0 5 8 23 4
0 3 3 0 8
4 2 2 5 1
9 4 4 33 1
15 18 31 8 17
9 9 8 39 16
9 10 11 20 0
32 7 25 1 3
17 4 6 3 6
2 1 0 5 0
29 11 14 11 6
37 10 5 0 39
4 5 3 5 0
29 23 15 1 12
8 5 29 0 0
10 5 10 1 0
15 13 20 8 5
28 0 5 29 5
14 23 0 14 2
14 1 13 2 5
23 10 23 11 12
0 9 30 1 4
19 10 4 9 8
7 6 1 0 9
4 13 21 10 5
0 0 12 8 3
2 39 35 12 0
0 15 2 20 31
0 0 12 4 3
6 31 0 7 2
0 9 26 10 1
4 0 5 1 45
4 18 4 5 4
33 0 5 11 11
2 9 1 30 2
2 14 13 1 5
3 27 4 8 8
40 8 15 7 7
6 7 12 5 8
27 9 2 3 9
13 34 11 1 44
3 15 6 10 0
10 7 8 15 3
0 15 28 11 2
1 24 1 2 2
0 13 3 10 4
1 31 24 16 3
10 21 17 2 0
1 5 10 2 7
0 4 1 7 0
3 2 19 16 6
8 0 2 1 6
12 2 10 1 0
35 17 7 1 3
0 1 7 1 6
1 2 5 18 10
4 31 10 24 8
5 2 0 0 1
6 5 0 9 1
3 6 7 5 6
40 5 12 0 7
34 7 5 26 8
9 12 2 2 13
1 12 0 1 13
3 3 9 11 0
2 15 6 2 2
2 3 2 1 20
3 20 12 50 16
17 2 10 2 9
2 5 2 24 12
8 7 8 0 10
15 19 8 22 1
2 20 8 0 1
2 7 13 24 3
29 7 8 1 2
2 0 5 5 24
6 6 11 9 1
6 3 1 1 13
7 26 4 1 8
5 4 3 2 3
2 3 18 2 2
10 4 14 2 11
5 1 39 5 4
7 9 3 1 47
3 4 17 15 0
34 0 0 3 3
1 21 6 6 14
25 18 7 3 0
3 37 0 10 4
10 31 13 17 7
1 3 2 16 17
9 0 1 7 4
10 7 5 8 10
6 4 8 0 1
10 3 12 4 8
5 14 0 3 12
2 25 23 4 8
11 12 6 0 19
4 6 8 17 12
1 16 1 14 3
11 1 4 5 7
4 1 30 29 30
2 0 8 0 8
5 11 4 1 79
0 2 5 6 11
34 16 28 11 6
0 1 1 10 0
11 12 12 4 59
10 21 6 5 0
6 17 1 2 8
4 16 15 4 4
2 3 10 0 10
17 1 10 22 14
8 5 3 14 23
5 10 5 3 13
9 3 5 10 3
1 6 8 11 4
6 1 6 11 4
8 27 15 14 9
1 4 5 7 2
4 47 11 17 18
3 1 1 13 4
0 12 16 1 1
1 1 17 1 10
6 0 10 9 20
8 0 5 6 15
2 5 0 32 9
0 6 9 16 6
3 11 5 0 13
7 5 11 15 15
11 1 8 2 9
4 2 1 3 27
11 20 0 0 7
1 8 7 7 3
4 5 3 8 6
13 6 11 1 9
12 55 5 2 1
2 6 15 5 7
4 40 10 2 8
24 8 6 21 9
6 3 6 13 15
27 5 3 28 1
1 1 2 3 10
8 50 56 13 4
11 8 9 3 0
1 3 2 6 39
3 8 3 1 16
7 20 6 6 3
7 8 1 21 27
5 13 11 0 24
10 15 16 4 16
12 6 3 10 5
8 20 9 9 7
7 9 18 16 5
8 4 12 10 10
6 8 2 7 1
8 16 0 5 5
3 14 0 2 14
15 8 1 9 1
7 8 13 7 14
0 1 26 9 12
5 16 4 7 5
34 15 7 8 5
28 1 18 9 7
11 2 1 1 9
12 0 5 30 19
4 4 12 1 12
1 7 10 16 5
5 11 13 20 22
1 7 2 1 19
19 0 1 2 5
2 9 2 14 6
23 38 0 0 5
50 12 6 13 7
1 4 10 1 4
6 10 14 1 21
29 4 1 10 0
2 1 11 5 16
2 12 0 0 1
22 2 63 11 13
8 15 7 13 1
20 6 0 2 13
3 2 20 9 12
9 0 4 16 3
19 0 1 3 29
0 3 16 6 0
3 3 6 7 10
2 5 3 4 6
2 13 11 0 12
0 7 11 6 1
12 12 14 1 0
30 1 8 7 1
13 5 5 40 5
5 5 9 8 14
6 7 8 7 1
5 0 3 13 10
5 0 4 0 5
0 20 2 12 9
17 2 0 0 12
0 14 6 5 37
1 26 11 25 2
0 1 19 9 12
1 5 1 1 0
4 6 17 4 0
0 4 0 32 1
7 7 9 16 3
8 0 9 26 11
6 14 2 12 3
5 15 22 1 15
1 9 4 12 9
2 12 0 4 2
5 0 1 4 21
37 6 3 5 50
3 3 6 0 1
5 0 16 2 4
4 2 5 46 5
10 10 15 7 23
0 10 16 7 1
3 22 12 2 14
5 12 13 2 4
3 12 30 5 20
18 16 16 3 23
5 7 4 0 4
9 9 6 14 0
6 1 7 8 3
10 7 5 16 1
6 0 17 6 4
9 8 12 18 7
1 5 21 4 1
3 12 5 12 11
1 14 3 10 0
1 9 6 3 18
3 1 8 4 2
2 0 4 3 27
4 7 3 0 1
9 12 5 40 4
3 3 15 4 6
10 10 19 17 16
25 0 6 16 12
15 5 33 35 19
6 4 0 4 7
9 1 34 25 9
9 1 0 0 2
6 33 9 0 11
9 5 20 28 1
2 23 2 0 7
1 13 1 3 1
56 0 2 7 5
16 21 15 16 6
1 10 34 3 15
8 1 0 6 59
7 5 3 6 7
2 3 11 7 21
5 16 31 5 11
3 20 5 9 43
1 5 35 10 5
6 5 53 6 9
15 19 9 5 1
18 0 6 9 9
1 4 24 18 4
6 1 15 11 5
19 5 0 2 9
5 1 21 20 5
46 1 7 6 20
5 12 5 5 14
10 8 11 2 3
32 5 0 1 0
34 4 11 4 0
5 4 20 22 2
2 6 0 6 8
7 2 0 16 1
0 26 0 6 24
13 25 13 5 11
26 8 21 2 0
8 20 3 10 11
0 3 21 11 4
2 2 2 2 5
7 5 3 0 0
38 5 0 2 1
2 0 2 11 3
2 12 13 10 4
9 3 2 11 5
11 2 14 30 28
2 4 0 34 2
11 8 4 6 44
5 9 13 2 7
4 22 6 21 2
1 5 3 0 8
3 3 23 26 18
0 18 6 1 8
2 1 0 2 5
5 1 16 5 8
3 5 0 6 11
5 13 5 39 5
14 0 50 2 6
3 0 5 29 25
26 2 9 0 3
7 6 7 10 0
2 12 37 4 5
4 3 2 5 11
4 4 1 9 5
10 4 8 11 2
10 6 5 5 3
3 2 16 3 11
3 15 52 7 2
4 7 0 5 10
0 9 15 4 1
4 9 19 1 10
2 0 11 0 2
3 9 5 0 7
0 2 15 67 3
5 0 2 3 10
0 11 34 9 5
4 0 4 12 9
4 9 29 17 27
31 6 8 7 22
16 5 1 12 10
3 14 12 34 2
7 1 15 10 17
4 11 3 17 1
0 23 14 21 6
3 9 8 0 30
18 4 30 5 0
4 1 17 22 1
10 13 11 46 3
4 5 5 0 17
3 24 1 2 31
3 19 5 7 8
13 2 2 0 1
38 7 7 5 2
7 4 9 6 6
1 7 18 12 4
49 13 10 2 17
0 6 29 0 24
14 0 5 4 2
9 1 4 2 6
13 11 4 4 7
0 2 0 3 14
3 2 0 7 6
22 5 0 3 2
1 1 13 13 0
12 0 4 2 1
0 19 0 6 11
33 5 25 1 4
2 0 18 2 26
4 3 10 14 8
14 5 4 0 5
4 24 1 2 3
5 17 3 7 2
17 12 4 2 0
29 11 8 6 6
0 2 2 2 15
5 9 0 5 7
8 6 3 2 10
8 4 14 18 10
7 25 3 13 10
0 10 1 40 1
14 9 3 8 2
24 5 13 0 2
9 3 7 2 0
4 6 3 11 20
14 7 18 10 25
25 36 3 2 15
0 8 1 0 17
1 16 13 7 33
0 7 31 10 3
1 2 10 1 7
5 5 7 5 0
10 0 9 4 2
9 3 6 15 10
7 4 2 11 43
2 3 10 0 1
0 8 8 35 3
0 16 12 4 3
6 23 6 6 1
3 4 4 15 11
22 11 11 7 11
7 12 4 4 14
0 4 7 4 5
3 2 1 9 8
12 7 5 13 4
5 40 6 12 1
4 5 5 13 0
10 3 0 0 1
0 0 8 22 7
23 20 2 3 3
0 5 3 8 106
17 23 10 6 0
4 1 11 0 5
22 18 7 1 6
17 8 5 3 2
2 2 5 6 2
4 9 0 2 1
5 4 1 4 7
17 0 12 8 4
0 12 5 2 7
6 7 2 18 30
7 1 15 10 14
11 1 2 0 0
3 14 7 2 5
1 1 1 7 3
7 0 33 0 1
0 21 3 3 16
12 11 16 3 12
3 13 0 8 10
14 2 4 1 5
0 1 8 3 20
1 1 0 4 7
4 6 7 12 5
17 1 10 13 10
0 1 15 6 0
6 14 3 0 2
23 46 18 12 6
7 3 1 5 7
35 3 13 0 2
1 4 18 12 18
0 12 11 8 0
0 9 0 7 14
2 2 4 26 15
3 3 3 3 17
2 8 1 1 17
1 17 28 38 4
26 10 11 12 17
20 16 33 0 1
1 14 8 3 0
0 2 0 3 29
7 8 1 8 11
1 10 26 1 2
3 11 3 24 5
5 6 5 1 20
4 15 1 1 51
18 11 3 30 11
3 0 11 9 10
11 1 2 0 2
17 6 4 0 21
5 12 7 17 28
0 2 5 12 3
0 18 9 0 9
9 0 9 8 0
7 3 1 16 5
14 2 14 12 1
13 42 2 9 33
13 23 0 8 19
9 3 7 17 1
5 0 0 3 42
11 21 0 16 8
0 4 3 1 19
1 1 21 6 7
1 9 2 2 5
6 3 5 6 0
11 5 3 6 12
5 3 3 2 5
10 20 2 0 18
0 9 6 30 3
9 1 0 17 16
6 3 11 10 22
10 6 35 0 3
11 2 1 1 4
0 4 10 4 22
1 2 19 6 9
11 2 5 1 13
0 0 1 31 26
7 0 0 0 3
5 2 5 5 2
0 7 27 41 15
2 34 0 3 2
8 1 48 3 0
0 3 37 10 3
0 3 10 1 57
2 4 18 7 29
32 13 11 3 3
10 0 3 20 16
1 19 6 6 1
8 11 8 5 3
0 0 19 0 0
17 19 12 3 6
3 3 17 24 2
9 24 20 11 6
4 15 24 6 4
6 0 5 0 6
8 3 2 0 5
5 14 23 5 15
0 30 6 13 5
5 12 3 14 2
0 8 0 10 38
4 11 7 0 3
26 0 10 0 6
3 15 1 12 1
9 7 1 1 22
8 4 2 1 7
8 0 10 5 12
0 0 9 12 10
3 3 22 10 17
10 2 8 0 36
3 4 4 8 1
0 1 15 13 2
35 4 7 0 1
0 4 0 0 5
2 2 3 6 4
4 9 1 9 10
1 3 8 4 1
15 5 6 2 31
5 2 22 6 2
6 0 3 16 0
8 1 1 6 0
20 1 28 3 5
7 13 18 13 6
6 5 3 5 2
14 4 14 1 7
5 10 16 23 1
24 21 8 57 2
4 13 10 17 1
0 4 105 8 16
9 2 0 42 17
15 23 9 1 19
5 19 4 3 2
6 19 10 10 0
0 10 17 16 11
8 7 16 1 0
4 1 9 24 9
7 5 6 14 11
16 2 4 2 12
0 4 7 8 4
16 8 16 2 8
0 13 21 11 6
3 11 1 10 12
1 5 0 39 3
22 0 2 5 7
11 5 3 2 5
0 2 11 12 13
9 15 0 1 2
4 10 12 3 28
5 7 2 11 3
7 2 13 5 0
6 10 4 8 4
4 0 0 10 0
17 48 21 5 4
6 0 13 1 16
13 9 4 0 2
28 2 3 1 12
36 1 4 15 9
15 6 8 1 26
0 7 9 6 2
0 2 1 28 0
6 2 24 18 0
15 12 1 0 3
1 11 2 6 9
1 9 19 0 11
8 18 0 0 11
0 14 8 14 14
4 22 6 10 3
8 0 59 0 3
4 6 30 3 2
7 24 7 13 15
4 31 1 14 0
14 7 0 49 2
0 15 1 28 2
9 6 12 5 19
1 20 33 7 2
4 2 6 7 8
5 2 4 10 3
17 15 18 12 0
12 13 7 5 14
8 2 10 5 0
0 1 11 46 3
6 3 20 2 10
4 5 0 4 6
3 10 2 9 0
0 30 13 1 4
15 0 6 14 4
0 11 6 3 20
6 1 1 5 0
12 9 5 2 25
6 26 10 9 38
2 3 6 11 2
3 4 15 28 9
0 1 9 3 4
3 8 13 6 6
8 6 3 42 5
6 0 1 2 6
2 7 3 9 26
11 1 10 12 37
20 1 1 4 4
0 18 9 4 6
0 2 0 1 22
11 1 25 5 1
8 0 19 6 18
11 4 0 7 9
1 6 3 10 9
14 6 39 29 0
15 26 10 40 5
6 6 1 10 25
3 2 1 5 5
3 10 31 22 2
7 4 6 2 2
1 17 3 20 5
0 8 7 2 9
2 29 1 9 12
0 11 9 2 6
9 4 15 7 1
40 14 13 12 1
11 0 4 6 15
10 8 5 4 4
5 3 6 1 12
3 8 3 1 11
0 14 2 7 1
9 8 1 19 6
1 16 11 15 9
2 5 1 0 18
8 13 22 2 2
20 50 2 40 4
6 1 4 6 21
12 3 8 14 7
0 2 7 8 2
9 0 4 3 0
11 4 6 37 6
17 10 8 6 17
15 23 4 27 14
9 1 2 21 9
5 2 2 4 3
16 2 11 3 15
1 27 3 25 9
1 9 4 4 2
21 49 1 34 17
2 1 0 4 2
28 5 5 15 13
5 15 15 7 9
5 3 0 4 48
9 10 7 12 0
13 6 13 2 24
9 3 11 9 6
27 0 14 0 0
21 9 4 6 4
11 0 0 3 12
4 17 13 4 0
0 21 4 3 3
0 4 9 4 0
4 4 2 8 22
22 6 4 5 3
19 19 10 3 7
21 5 3 1 1
1 16 8 8 2
14 2 3 4 0
0 1 14 16 15
20 16 9 6 2
7 2 18 17 7
31 10 0 8 0
5 44 4 11 35
10 13 1 4 21
1 1 0 25 8
2 6 0 7 26
16 1 6 2 19
2 9 13 8 14
0 1 13 3 3
6 24 4 0 4
5 41 6 3 4
6 9 4 0 6
0 7 10 0 11
5 2 10 5 12
44 4 11 8 0
13 14 14 1 6
27 6 6 6 50
5 8 0 12 3
17 12 0 5 7
2 13 4 4 11
8 4 5 6 0
5 15 14 12 6
4 18 4 4 4
5 0 4 0 1
6 4 2 3 3
5 7 5 0 12
0 4 5 8 4
8 3 26 0 4
12 9 16 3 9
8 0 4 6 13
6 8 2 9 16
2 22 25 17 10
0 2 24 9 0
6 3 1 8 8
8 8 14 1 17
8 17 2 4 1
3 18 1 30 0
12 20 0 8 8
10 4 3 11 3
0 6 1 18 13
16 2 28 2 1
3 29 2 14 5
19 5 1 9 5
2 4 3 8 28
20 5 8 25 10
0 5 1 5 18
4 18 2 6 12
2 1 15 13 0
22 17 14 3 1
13 1 10 1 3
7 0 9 25 29
1 2 17 16 36
12 0 10 7 9
0 6 1 8 12
11 7 5 9 3
3 8 7 17 2
5 0 9 7 3
0 35 10 0 11
13 6 0 18 27
33 28 10 12 16
2 4 15 6 1
7 7 2 4 4
69 3 12 6 18
2 7 2 2 0
11 1 15 4 7
6 26 7 5 9
12 0 0 5 0
16 0 1 2 9
0 1 3 8 10
7 10 7 13 3
16 6 1 10 40
6 7 3 1 6
27 4 0 29 20
8 2 1 13 5
11 16 2 12 0
2 36 2 17 10
3 1 7 4 10
3 7 0 33 8
27 22 1 6 4
1 1 2 10 18
4 25 9 12 13
2 8 14 1 4
6 7 2 23 3
21 6 7 5 14
2 2 2 11 2
14 7 4 3 0
7 18 11 18 3
30 1 13 0 8
5 9 1 8 11
24 16 25 7 1
4 2 6 1 2
1 4 10 2 5
5 2 15 3 3
5 1 2 2 3
7 2 1 12 48
1 0 8 7 6
3 26 0 51 14
1 20 10 4 11
16 11 6 10 10
0 5 11 21 4
18 1 7 15 14
9 1 2 40 2
11 21 1 0 0
16 2 8 31 26
2 47 0 0 16
9 0 8 5 0
2 10 7 18 6
33 15 1 7 4
1 4 1 4 0
1 21 25 18 6
5 0 37 6 0
24 2 1 7 1
10 8 46 5 21
10 14 0 14 4
5 9 20 0 3
2 3 2 16 0
9 4 18 0 2
0 0 1 5 12
8 2 4 5 8
8 10 12 2 10
0 4 2 22 7
11 8 1 1 12
3 6 15 0 7
6 8 3 2 2
28 53 6 22 4
9 8 8 3 17
17 12 3 9 15
0 0 11 62 0
21 0 11 10 8
6 6 0 5 15
1 2 5 7 4
1 2 30 2 1
17 1 29 5 4
7 2 3 4 0
12 12 4 4 6
10 10 2 4 12
4 0 1 0 6
5 17 0 1 8
0 17 1 13 4
8 2 30 23 0
55 21 4 11 1
5 25 20 18 6
6 17 0 4 17
0 20 1 21 3
37 1 2 7 15
1 28 35 2 4
1 10 0 4 1
6 2 0 14 19
5 5 4 26 3
21 68 19 1 9
5 1 1 32 29
2 1 2 5 5
18 18 2 1 15
4 2 9 10 3
0 9 2 8 14
1 18 2 5 15
17 16 33 1 0
5 8 0 16 14
18 45 9 8 23
0 0 2 2 11
17 4 0 14 16
11 13 11 1 16
1 3 18 7 0
4 20 15 0 2
13 3 11 7 18
16 8 1 14 13
8 0 10 3 26
13 3 10 6 3
4 28 6 13 1
24 4 17 1 0
6 0 15 1 3
6 9 0 0 12
17 1 20 10 22
0 28 1 20 6
1 2 3 14 15
21 6 2 0 9
1 2 4 12 0
11 9 0 2 15
2 0 2 13 16
10 4 0 1 23
2 3 5 19 7
11 22 20 8 1
6 15 4 49 2
17 0 18 1 22
4 0 6 0 18
3 6 16 1 1
6 10 3 4 9
4 0 3 3 0
11 18 3 4 20
5 10 6 4 16
6 0 25 23 3
8 16 10 8 0
4 2 1 8 6
2 5 3 10 0
21 6 0 5 0
9 5 2 9 2
3 1 10 16 4
3 3 4 12 4
1 11 8 10 0
9 20 1 5 11
1 0 6 1 3
11 1 0 10 0
2 1 7 10 5
14 5 0 13 10
7 23 2 11 25
2 18 20 0 0
4 2 1 21 0
3 6 1 17 9
2 15 18 2 44
23 14 3 24 23
7 16 17 4 1
3 30 0 4 2
37 7 14 3 16
2 18 16 1 12
21 9 7 8 0
9 3 21 32 4
4 12 7 15 11
19 8 10 38 25
8 0 4 12 1
24 11 1 15 8
4 13 24 2 4
1 3 12 9 4
9 1 1 1 9
18 0 2 12 1
2 12 1 4 1
0 0 7 2 9
1 2 6 11 6
2 1 0 3 0
1 11 3 2 5
1 14 0 7 0
28 2 33 2 0
43 24 5 5 15
4 15 0 16 4
13 33 17 7 1
9 10 27 1 5
15 37 10 5 1
17 12 14 58 6
2 1 31 0 5
3 14 7 6 19
0 10 21 8 31
5 8 11 5 0
1 0 2 15 2
27 3 21 13 0
17 4 10 4 8
17 5 0 1 6
14 13 11 14 22
17 12 2 17 4
1 2 16 3 3
2 9 3 3 9
5 1 3 38 26
14 4 33 10 7
8 13 2 4 13
20 5 12 16 0
4 0 14 3 2
3 1 9 0 5
4 6 7 20 16
0 12 0 0 5
9 1 8 11 3
7 4 5 12 0
2 6 9 8 16
0 4 0 1 10
0 12 5 3 13
2 0 0 14 5
25 4 5 3 11
2 0 0 4 12
11 12 4 1 18
1 17 18 29 1
8 2 11 9 8
3 2 3 7 16
12 12 3 13 0
9 29 13 32 4
0 5 1 8 0
10 9 10 17 1
9 11 14 5 6
11 1 5 3 12
33 4 3 9 16
13 26 6 1 9
1 7 0 3 6
3 1 22 1 9
32 4 7 5 0
8 0 0 24 16
16 4 9 19 13
2 7 11 4 2
1 27 11 5 1
2 0 4 1 2
12 17 8 4 6
80 2 0 3 0
18 8 25 8 17
1 7 7 2 7
12 7 30 7 4
1 2 28 19 20
0 1 7 0 3
0 20 27 0 0
0 6 11 28 4
11 20 4 6 7
15 5 4 37 0
9 4 14 11 5
8 2 0 1 4
11 0 7 2 3
1 0 7 1 5
0 1 4 1 9
6 1 9 17 27
3 25 10 13 2
2 6 14 4 11
20 4 23 6 4
0 8 18 2 38
0 11 5 33 7
7 0 19 26 0
9 0 17 0 21
7 20 5 7 2
21 7 1 1 3
9 2 9 1 2
8 40 5 13 8
4 12 12 19 12
4 4 5 4 12
5 2 11 7 3
2 3 11 9 26
4 12 9 4 3
24 8 3 10 16
19 1 7 7 0
12 3 2 34 3
19 0 2 41 20
0 0 15 13 3
0 6 0 2 2
9 3 5 5 2
9 37 5 8 4
11 21 2 4 15
19 5 0 24 1
24 11 27 9 0
31 0 1 0 6
8 2 1 24 8
2 6 3 16 3
8 1 11 11 8
1 18 8 4 1
8 13 8 3 7
5 8 33 16 7
2 4 0 0 13
2 1 2 7 100
21 9 7 3 18
25 0 3 8 0
2 1 9 0 3
0 1 3 0 2
5 7 17 6 2
16 6 19 17 4
28 8 4 5 5
4 4 21 12 2
20 0 14 6 0
3 1 1 3 34
6 12 4 7 5
0 8 14 21 13
8 8 0 17 19
18 1 1 11 4
3 1 6 4 4
3 10 3 8 0
4 0 14 2 8
6 5 16 9 9
7 0 4 5 3
16 10 11 35 10
18 1 13 5 13
1 6 17 6 5
3 4 1 2 6
3 2 11 7 3
10 2 18 28 6
6 23 10 13 1
13 11 0 8 0
24 4 9 16 9
2 2 0 6 8
2 4 0 8 3
6 9 3 0 2
8 2 10 15 2
1 8 0 7 4
39 8 31 25 3
6 10 2 0 2
27 1 1 8 8
5 1 1 6 18
17 2 1 20 2
12 18 2 19 4
17 9 14 19 18
4 3 1 5 3
11 7 6 2 14
20 1 2 25 4
10 6 6 12 15
12 7 6 15 14
3 25 12 4 5
7 13 13 8 11
5 16 0 12 3
2 16 1 10 2
3 4 1 4 10
14 9 13 10 11
4 12 4 1 4
7 3 6 0 8
7 10 9 13 14
11 7 10 0 4
5 11 29 11 4
2 2 3 12 1
17 1 0 5 7
4 0 11 7 3
34 4 28 14 12
14 13 16 1 11
8 16 0 7 11
5 3 15 5 2
0 1 23 11 24
2 9 29 10 7
4 5 1 11 12
7 1 52 5 9
2 1 4 31 7
29 1 4 18 0
0 4 50 6 11
10 3 3 3 5
2 1 7 18 1
2 18 15 2 10
0 13 8 19 0
22 13 5 4 12
2 6 4 8 0
4 17 2 2 6
27 4 4 17 12
14 36 8 0 4
7 3 12 2 26
5 2 26 5 19
0 0 0 23 8
1 16 3 9 12
1 2 13 7 8
0 3 28 4 4
1 6 3 0 6
3 23 5 6 15
3 20 14 5 4
13 10 5 0 2
3 20 4 11 7
3 3 3 18 23
15 4 1 6 2
2 0 2 13 3
14 1 24 31 8
7 4 2 9 13
2 0 14 4 5
16 1 13 12 11
6 27 9 21 23
9 2 0 5 0
7 4 10 3 3
3 1 3 27 13
6 13 1 14 7
8 0 2 7 53
2 1 14 1 5
11 3 13 4 9
15 14 2 2 32
11 15 10 8 0
3 12 7 1 10
8 4 11 0 12
0 15 0 13 6
0 7 2 19 4
10 17 7 2 5
2 4 7 4 5
2 15 2 19 1
0 2 3 5 3
27 35 4 5 16
0 13 41 0 5
1 3 3 2 14
28 6 13 4 2
20 0 6 7 1
1 6 24 7 10
19 38 3 0 3
14 17 1 2 17
2 6 0 0 8
5 6 35 46 6
0 3 2 8 13
3 7 12 30 9
12 20 1 8 8
5 4 12 10 7
2 1 9 14 4
9 2 5 5 11
4 17 10 0 0
2 3 8 13 1
19 3 16 9 0
4 1 14 10 15
19 16 19 2 4
2 4 5 6 7
19 4 18 9 11
1 2 5 4 14
1 13 18 6 10
4 25 11 2 18
7 15 10 11 29
23 2 0 8 4
1 1 19 0 1
18 2 11 18 23
3 0 3 5 1
0 7 1 8 3
13 22 0 7 3
12 11 0 0 2
5 9 19 0 0
9 24 13 24 14
3 0 4 8 7
11 5 15 18 12
11 0 10 0 6
4 10 1 3 1
17 4 53 35 9
2 11 1 4 7
6 12 3 10 2
16 14 16 6 0
12 2 29 45 11
6 1 3 2 17
3 3 0 6 5
0 12 9 14 11
8 22 6 2 3
14 4 1 5 16
7 7 1 0 5
10 5 12 11 1
8 11 4 25 27
13 4 2 18 2
10 7 21 37 0
1 28 6 4 6
11 13 5 2 28
2 20 6 19 1
13 10 15 5 11
7 5 1 1 5
3 8 4 0 2
7 4 19 12 0
1 5 0 14 1
7 1 7 3 3
0 2 11 3 17
4 15 5 19 17
21 0 15 23 5
19 2 1 19 16
0 8 11 0 22
18 0 7 6 17
5 13 16 18 10
0 8 51 10 1
4 0 11 10 32
12 11 0 15 10
10 12 8 3 1
1 8 2 12 1
1 0 14 0 13
24 22 7 0 0
59 5 4 10 12
28 3 4 22 1
8 6 12 2 4
18 4 1 17 1
0 21 12 4 9
2 22 9 1 16
11 12 0 2 5
1 3 8 26 1
4 0 22 11 11
12 7 17 0 14
21 4 2 7 5
15 4 4 16 12
3 0 0 9 7
5 9 0 34 1
4 10 6 7 13
18 12 23 4 15
5 8 7 11 11
18 0 1 10 9
4 3 5 2 2
1 7 9 8 4
6 3 15 17 9
0 4 19 2 18
1 3 3 3 3
2 9 18 2 3
3 0 0 14 4
4 6 1 6 15
8 9 0 8 11
4 15 11 5 5
1 21 8 11 2
16 0 25 6 16
0 2 2 12 18
12 7 5 11 6
2 12 3 8 50
31 12 6 5 5
3 6 3 3 31
2 2 5 2 0
4 28 3 19 0
1 9 12 0 3
5 5 12 11 21
18 15 20 6 16
40 7 8 21 0
7 12 14 1 5
23 0 3 2 0
3 3 1 0 14
1 36 3 1 10
1 2 4 4 5
5 7 3 2 7
0 22 12 20 30
21 3 10 18 50
3 3 2 1 12
19 5 0 1 6
10 3 1 15 10
28 13 5 14 0
25 3 4 10 7
7 1 10 4 8
8 2 8 5 4
5 2 13 17 22
23 29 18 21 5
2 26 1 7 19
3 27 39 2 6
4 0 4 8 6
1 15 0 0 15
15 2 6 3 5
12 0 4 19 13
3 10 0 14 0
0 13 12 4 14
10 41 1 3 15
1 4 0 9 0
1 2 10 10 5
11 40 12 17 8
28 8 3 23 2
37 3 5 29 0
9 3 12 27 8
3 1 13 2 3
8 10 0 15 23
0 22 8 0 7
0 5 8 17 9
0 1 10 1 4
0 15 8 2 7
8 15 8 2 5
11 3 2 2 9
23 20 11 14 7
15 1 42 9 1
6 1 20 7 18
10 4 4 10 9
0 2 0 11 45
2 7 11 6 0
3 0 26 11 13
14 10 19 13 3
5 16 12 13 13
2 2 6 4 11
18 4 1 9 16
13 7 5 3 0
16 2 19 1 1
7 0 76 11 6
2 17 3 6 13
11 4 7 14 0
8 8 7 13 5
15 3 33 6 1
2 44 3 14 3
5 18 6 0 2
2 13 4 18 6
10 14 3 8 0
2 2 13 12 15
5 5 3 0 14
8 0 5 25 3
3 3 0 1 6
4 1 36 5 4
7 18 6 3 1
8 0 12 22 9
10 6 25 0 51
2 34 7 11 9
29 5 3 5 30
0 5 2 1 17
23 47 14 5 3
10 7 0 9 2
0 7 5 6 19
0 17 7 9 17
27 12 0 17 1
8 0 6 4 10
17 44 9 8 10
11 6 3 9 18
1 3 14 8 12
13 7 4 2 6
9 5 14 3 11
0 0 0 58 13
4 9 11 3 11
23 9 10 3 34
2 8 4 8 4
3 10 4 2 25
16 2 0 8 3
0 1 0 26 1
0 2 8 29 8
16 1 0 0 10
23 17 8 19 1
14 1 0 5 33
2 0 5 17 8
5 0 3 18 2
0 6 2 23 7
13 4 13 9 2
0 1 11 22 10
4 6 1 23 11
14 17 33 6 7
0 4 0 7 38
27 11 2 3 29
2 7 8 3 4
1 0 9 9 2
18 0 1 6 3
5 10 3 8 19
2 21 40 4 0
2 12 6 1 7
0 2 10 28 11
16 0 17 6 1
0 22 3 4 1
0 4 18 6 7
0 11 0 11 28
5 9 4 18 13
2 1 1 8 15
2 2 15 11 13
48 5 8 11 1
6 14 0 4 9
24 0 11 0 3
0 11 10 18 12
2 16 1 0 0
28 20 29 2 5
4 0 2 9 11
1 0 4 8 9
19 0 13 4 3
2 17 3 0 7
0 0 13 17 12
18 6 0 5 3
40 1 8 10 11
0 20 0 8 1
11 2 10 13 15
20 23 8 7 0
33 9 34 11 25
11 3 8 18 6
6 32 2 14 5
16 9 10 2 7
24 22 30 4 1
4 8 1 5 16
2 6 2 5 19
33 8 8 2 0
6 5 0 35 9
6 6 25 4 5
0 9 14 1 12
0 6 6 4 1
9 6 15 14 8
4 28 10 15 8
4 8 9 7 4
0 34 2 0 12
18 2 6 14 14
32 17 7 2 1
9 7 34 32 9
4 1 5 1 34
0 10 58 5 1
7 12 2 4 0
14 23 12 2 30
1 8 3 3 5
21 2 15 2 7
5 13 3 2 0
1 14 2 17 22
20 4 16 5 3
9 6 1 6 1
0 5 13 40 6
6 3 5 6 16
12 22 9 7 10
6 5 8 0 3
52 31 6 19 2
3 20 1 0 31
8 15 12 10 2
2 27 9 2 3
0 5 5 3 2
8 7 11 12 2
0 9 16 4 2
18 4 1 15 9
10 27 1 14 4
12 4 11 2 18
12 50 10 17 10
31 5 4 0 5
4 3 1 19 3
12 6 2 1 9
1 1 3 5 3
3 10 9 29 26
7 27 4 44 9
11 7 12 17 37
13 3 5 20 9
13 4 6 4 5
2 0 11 14 4
8 4 15 12 35
0 2 8 1 19
0 4 15 8 5
8 3 0 2 1
1 3 10 10 7
10 0 1 0 2
11 12 0 3 4
17 3 9 9 17
19 4 35 6 13
4 8 5 7 12
9 12 13 14 5
6 0 2 16 0
3 4 12 7 4
3 7 0 1 17
2 1 17 2 2
3 18 4 8 12
3 17 6 2 35
0 21 29 4 6
5 6 2 11 20
8 4 13 3 5
2 0 0 19 0
5 9 24 9 2
12 7 4 8 5
8 1 8 0 38
15 15 4 5 34
1 1 6 6 3
1 11 4 10 12
5 5 23 10 17
0 5 50 5 5
2 28 5 5 3
3 2 11 4 9
7 20 3 5 15
6 5 7 21 10
1 18 39 23 0
4 7 1 15 4
23 0 15 1 0
3 19 8 15 6
13 24 2 4 1
0 6 4 10 5
0 3 1 3 3
7 1 13 5 5
9 0 0 19 4
10 11 13 11 25
0 57 0 0 6
8 4 10 7 1
6 15 19 26 1
17 23 4 3 2
43 0 20 2 3
31 2 7 0 1
4 2 7 3 7
32 16 3 1 2
19 18 12 7 15
27 3 4 1 21
27 5 19 4 3
2 2 9 2 20
17 4 3 13 18
11 5 3 22 10
15 4 2 2 6
0 29 7 3 4
10 3 13 3 1
7 14 19 0 5
4 3 0 16 4
5 26 8 6 23
10 2 0 18 4
10 8 4 19 7
16 6 5 4 5
2 9 1 5 2
19 16 1 4 0
12 9 9 24 7
4 4 7 6 1
9 3 3 6 6
8 13 2 2 20
9 6 3 6 14
12 26 4 0 22
1 1 0 1 3
2 9 11 3 1
33 1 21 8 3
10 4 12 10 1
19 3 9 2 2
54 14 5 1 2
3 19 3 0 1
9 3 12 8 18
8 11 6 17 0
7 12 14 1 6
10 5 6 3 6
3 1 1 3 0
6 16 15 9 8
1 16 6 7 7
3 0 23 7 0
12 1 8 8 20
28 1 9 3 7
22 16 2 0 7
10 19 2 11 18
34 21 8 20 3
0 15 4 8 30
10 9 3 3 17
15 3 2 20 6
8 1 8 1 11
28 5 5 28 38
3 11 27 1 7
13 2 41 3 15
0 1 1 8 0
4 22 11 21 0
3 14 1 31 14
6 3 7 3 5
16 24 2 1 10
0 6 6 18 8
15 0 12 1 6
16 2 33 5 7
11 6 19 7 3
31 34 11 6 1
0 3 4 0 1
13 6 3 9 13
11 1 13 2 1
2 4 10 9 0
4 13 32 7 2
6 2 1 0 12
6 11 7 5 19
5 10 5 0 0
4 5 1 7 7
6 2 22 3 18
34 8 5 15 1
10 7 3 6 30
16 2 12 10 17
3 4 14 2 1
16 2 0 6 21
15 0 8 1 2
5 6 6 3 29
21 5 3 0 5
30 0 6 4 5
0 14 1 0 12
39 12 5 4 6
8 7 17 9 12
7 0 15 14 13
6 0 2 13 18
3 30 0 0 0
26 4 3 13 12
2 0 20 7 3
12 4 12 7 15
1 23 2 14 1
4 7 3 4 8
0 2 29 1 3
17 4 21 6 24
14 2 5 6 48
5 0 1 11 12
17 1 2 6 5
3 2 11 5 11
18 7 15 3 4
3 1 3 9 0
5 10 0 2 3
31 2 1 2 3
8 12 33 7 17
0 8 15 1 2
7 1 9 12 2
18 5 1 19 3
21 12 18 8 22
6 0 3 2 3
13 4 0 3 1
13 9 17 1 4
8 6 4 20 51
17 6 8 1 3
4 0 6 8 1
0 8 1 4 0
6 2 2 0 8
13 12 11 8 17
1 1 16 14 1
7 7 3 29 10
6 16 2 1 19
8 6 29 0 10
1 25 1 9 24
11 1 23 10 2
3 6 18 7 2
11 32 3 10 21
32 2 3 0 34
4 7 6 24 14
18 3 5 1 8
42 0 22 7 5
0 22 2 1 1
4 0 2 8 7
14 0 1 8 4
0 2 19 26 3
1 17 10 30 12
10 0 6 9 18
4 0 15 4 7
12 7 46 3 14
11 9 1 2 1
0 2 2 19 12
14 4 48 19 20
6 3 7 5 15
14 0 5 32 25
7 7 6 2 1
14 3 2 21 1
30 6 0 18 5
5 9 21 13 22
21 3 1 3 14
0 7 13 8 2
20 10 22 6 9
6 30 3 7 0
10 15 16 2 8
0 0 0 12 5
12 20 4 8 8
15 18 0 1 14
4 0 0 12 21
8 1 20 2 9
28 8 0 5 3
15 3 0 17 4
8 4 6 29 13
3 10 19 11 0
3 39 2 4 2
49 12 4 23 5
2 16 13 14 2
24 4 18 5 16
21 1 10 2 41
0 0 15 4 1
6 10 5 2 0
1 14 14 17 12
6 5 5 0 2
4 8 1 6 4
3 6 3 4 5
11 22 6 1 3
5 8 3 7 5
28 46 13 2 0
3 1 0 0 1
23 7 8 7 3
0 2 12 6 1
7 14 0 1 9
8 5 12 16 4
8 5 4 2 10
0 5 2 6 9
15 5 0 18 30
12 1 22 8 47
9 3 5 18 3
11 1 0 1 3
29 0 3 9 1
1 26 2 0 29
3 4 4 9 0
33 4 0 4 12
5 12 22 2 17
3 5 4 0 6
6 52 18 4 13
40 5 5 1 3
0 10 13 12 8
14 9 29 23 9
1 5 4 1 0
7 9 9 2 8
50 26 5 9 27
6 3 2 8 6
4 2 6 9 0
19 16 14 3 11
9 4 1 15 2
1 0 4 18 0
16 1 17 6 0
2 2 2 2 43
20 20 9 7 9
9 3 7 3 1
26 8 6 27 2
10 10 17 0 2
1 3 7 4 5
0 21 21 6 54
6 5 15 0 2
7 23 2 6 1
18 12 35 2 14
3 6 8 17 5
15 21 26 13 12
6 7 1 0 1
7 42 2 6 9
1 12 3 15 8
0 11 0 10 4
0 21 15 9 1
1 2 6 51 10
13 18 2 7 3
9 6 6 8 15
18 3 8 7 25
6 11 18 3 3
9 15 5 4 35
5 10 13 18 1
2 23 0 3 16
5 1 4 14 9
22 9 3 5 0
1 5 13 12 10
23 4 7 24 4
32 18 3 13 1
12 8 17 1 3
0 1 9 2 6
14 15 1 15 17
4 11 15 12 12
0 18 8 1 3
8 0 3 3 3
0 0 0 7 5
4 0 5 4 4
1 0 6 39 2
0 18 0 15 10
2 18 1 3 16
15 1 5 14 10
1 1 2 7 4
16 0 10 10 0
25 10 1 3 1
0 26 9 6 5
0 8 4 1 0
1 0 3 16 1
17 2 0 18 24
7 18 0 7 7
13 8 1 13 2
11 0 19 5 3
4 8 7 18 24
1 19 13 10 19
4 14 5 0 2
1 0 1 1 1
16 0 6 4 2
4 3 11 2 25
3 2 16 4 14
47 5 3 4 8
1 25 15 2 0
24 21 0 9 4
27 1 12 6 57
1 6 10 18 6
1 1 3 9 29
3 14 7 11 21
37 6 2 36 9
14 15 4 3 1
5 8 65 1 10
4 8 1 13 7
3 6 0 26 8
26 3 4 6 1
18 7 5 1 4
43 8 7 12 0
46 3 11 26 5
0 16 16 0 3
2 16 1 12 4
6 15 5 7 13
21 12 4 45 4
0 17 14 4 14
13 0 4 4 5
6 9 11 6 8
9 0 1 9 15
6 5 0 0 17
29 0 4 0 0
1 3 19 9 9
25 6 8 3 1
0 6 12 17 14
2 0 8 11 11
29 20 28 8 4
8 9 0 3 7
4 8 1 22 0
38 13 4 4 12
15 7 1 10 4
7 0 15 16 8
7 15 8 26 7
9 1 5 8 13
33 19 15 37 6
17 8 5 14 56
13 25 3 15 2
3 6 36 0 9
14 4 12 24 1
4 29 2 9 1
12 11 0 21 2
28 2 2 24 13
5 18 21 8 1
5 4 0 2 8
1 22 12 8 0
27 6 1 0 13
8 37 4 0 20
0 14 12 3 0
3 3 1 5 10
11 5 2 2 5
12 16 14 20 0
0 8 37 67 13
2 4 0 17 8
20 1 12 6 0
3 12 29 20 1
0 5 0 0 3
7 0 6 5 14
0 11 12 2 7
1 2 1 8 5
12 5 3 6 3
8 1 22 0 6
5 5 4 3 7
0 13 14 4 0
5 12 8 9 14
7 18 4 3 10
9 2 10 4 5
7 0 5 3 2
2 1 1 26 19
6 2 7 11 2
5 0 7 2 0
12 5 0 31 10
36 4 20 0 10
0 3 3 6 16
2 2 3 7 1
3 8 4 5 13
8 3 2 1 0
5 10 18 18 11
6 8 8 2 1
35 13 10 4 13
9 19 45 9 26
12 9 0 0 3
2 7 22 1 10
14 4 6 18 3
2 17 1 4 2
1 0 5 5 21
3 1 1 13 8
5 23 1 4 3
3 2 13 23 15
7 0 28 8 5
0 6 20 4 15
6 11 20 8 9
15 6 1 0 2
2 7 15 21 6
22 25 6 17 15
27 4 2 1 12
25 4 5 16 16
9 12 1 0 2
22 0 8 5 2
0 10 9 15 1
5 25 6 14 2
11 2 25 5 7
8 17 17 6 4
8 6 9 4 3
2 0 16 1 0
40 4 6 22 22
8 3 23 20 7
4 0 8 11 8
4 7 34 20 37
3 7 4 0 14
15 4 9 9 2
6 8 8 11 6
24 36 14 0 30
15 1 25 0 23
16 8 1 3 6
1 1 4 5 0
13 1 16 2 21
5 9 3 3 12
6 12 17 3 14
26 3 27 6 11
12 11 9 20 5
15 7 1 0 8
5 10 15 12 10
6 11 62 103 13
10 10 0 10 2
2 3 5 6 13
7 3 3 4 0
21 4 1 0 2
16 5 0 9 8
17 3 20 8 10
16 16 20 31 21
1 4 3 16 17
8 7 4 2 7
11 4 3 12 12
3 4 5 7 4
4 6 10 11 3
7 32 0 5 3
0 21 3 29 19
4 12 8 3 5
3 26 6 12 4
3 7 3 2 2
3 15 4 9 2
2 0 21 0 1
5 0 9 4 11
0 13 5 9 2
3 16 12 2 11
51 11 3 4 11
7 12 2 6 24
0 9 0 3 9
5 18 0 1 13
20 11 15 2 1
5 1 0 2 2
0 25 6 2 2
16 0 2 0 5
2 2 22 5 15
23 3 16 6 7
0 0 15 2 9
15 0 16 6 23
12 20 2 15 2
11 3 5 3 3
37 12 8 4 12
7 2 1 2 4
1 3 1 32 6
8 9 2 4 4
10 1 25 1 26
6 9 5 6 27
9 30 0 21 31
0 1 0 5 8
7 8 9 0 3
5 4 6 5 14
10 8 14 2 0
3 36 1 11 30
9 59 13 1 1
20 3 16 0 8
0 7 5 7 1
7 7 7 2 18
10 45 1 9 8
0 5 14 16 16
5 17 5 7 1
24 1 10 6 5
4 1 7 4 0
2 10 1 1 3
13 23 3 5 8
2 12 2 2 7
4 2 5 13 12
4 3 15 7 15
4 26 3 0 1
15 26 0 13 8
25 4 13 1 1
7 22 19 21 16
36 35 9 5 18
0 3 3 16 7
5 7 7 2 0
15 9 2 13 1
0 9 10 0 17
1 22 11 7 7
6 3 3 5 19
4 0 36 3 28
5 6 2 4 3
9 10 26 11 1
1 4 23 2 7
14 0 4 26 9
6 11 20 3 9
11 15 0 7 3
7 12 0 0 2
13 3 25 9 2
4 31 23 14 11
7 4 7 22 1
21 3 17 3 13
1 15 8 1 5
2 27 28 12 8
7 0 2 12 10
2 2 2 2 4
4 13 4 7 15
5 2 14 37 14
6 42 12 0 8
5 23 17 4 0
6 8 0 18 8
0 2 18 14 5
3 3 3 8 1
0 13 16 18 25
14 14 3 0 1
0 20 4 6 2
2 4 14 29 25
2 7 0 6 1
10 0 3 4 13
5 26 14 3 9
64 0 5 13 1
2 17 19 22 10
4 31 0 1 7
29 16 17 1 10
7 13 2 7 0
7 6 2 3 7
15 11 13 5 0
9 0 0 1 13
6 19 5 2 13
10 18 7 9 6
9 28 37 6 4
0 13 6 33 1
14 39 4 9 36
1 3 1 8 14
9 3 6 0 2
7 29 3 0 13
2 6 16 1 0
4 7 1 3 14
38 1 4 8 11
2 5 21 8 12
24 18 5 2 11
1 8 3 20 1
4 20 9 9 7
15 5 8 0 18
15 4 2 13 0
6 1 24 5 8
11 7 2 3 10
14 12 13 5 8
10 11 0 22 8
10 10 13 6 38
0 6 14 6 4
29 0 16 2 5
29 0 26 5 13
4 0 0 15 3
5 13 18 7 7
24 44 7 10 3
8 17 1 12 0
43 4 1 4 25
5 22 15 4 5
10 7 2 3 20
4 38 0 9 0
4 0 6 6 4
2 23 7 1 12
6 2 2 0 21
16 6 5 3 4
4 2 9 3 11
0 19 13 7 2
39 10 4 7 4
2 21 15 3 7
34 29 6 1 5
2 15 10 9 2
0 6 9 12 3
20 2 26 7 11
5 0 22 19 2
2 1 4 0 1
13 8 16 16 14
46 26 7 18 1
8 6 45 47 9
14 11 2 0 18
2 8 1 10 11
20 5 2 0 0
1 1 1 23 2
21 13 0 0 4
1 0 7 11 0
7 9 6 5 46
1 3 3 15 7
1 1 11 23 31
10 0 4 0 3
14 8 3 11 9
1 7 20 4 2
1 7 1 0 6
20 5 6 4 12
0 9 21 11 25
9 1 8 6 1
19 9 12 0 0
2 4 6 18 7
3 5 25 6 1
2 5 1 0 0
37 3 44 1 0
24 32 15 4 8
5 4 5 2 6
1 13 21 11 1
4 34 5 29 2
6 1 46 18 1
12 1 9 24 19
12 17 5 14 0
10 8 7 3 13
2 13 5 11 9
5 2 2 1 17
4 9 2 5 41
27 20 4 0 2
5 2 8 3 7
10 21 21 16 10
3 6 5 28 8
22 0 49 13 16
2 25 0 15 9
2 1 0 2 5
33 38 4 10 0
1 2 1 5 0
1 6 0 4 5
35 7 7 1 4
0 0 25 13 2
4 6 2 1 0
2 6 4 4 2
4 20 3 6 26
1 0 7 0 3
17 5 14 2 5
2 10 0 15 24
3 15 7 2 10
4 9 13 3 5
53 12 0 0 8
3 7 13 18 8
2 2 5 0 9
7 11 11 3 6
0 1 3 3 5
21 5 11 11 3
2 0 12 1 2
10 0 9 44 13
14 7 8 3 11
13 6 5 31 15
2 19 3 1 29
16 42 0 5 2
0 8 2 13 36
10 3 8 21 6
14 2 1 4 10
10 4 19 9 3
2 3 2 0 15
0 28 1 6 2
3 14 13 7 1
27 13 8 5 30
1 8 23 10 2
2 2 0 13 4
7 0 2 5 2
6 13 9 12 0
14 5 27 5 1
1 17 11 10 3
13 3 9 3 11
19 2 7 1 43
2 8 6 18 7
8 0 4 18 4
6 8 9 16 1
0 2 2 0 11
2 8 6 9 1
16 6 1 0 12
9 5 3 7 5
9 4 4 8 2
9 2 2 5 6
13 1 12 11 2
0 4 2 9 0
1 10 23 0 6
1 0 1 25 7
1 6 1 13 30
12 0 1 13 2
3 2 2 7 21
25 3 9 0 2
8 4 0 17 2
51 7 13 12 3
62 15 5 18 0
2 24 40 13 4
10 0 5 6 13
1 2 4 6 5
10 14 2 8 2
8 1 5 2 15
5 3 18 4 1
18 0 0 32 4
0 8 6 0 19
6 1 6 6 1
9 3 4 5 1
10 4 7 7 23
2 5 11 3 5
2 5 1 8 2
8 24 25 2 11
17 14 2 7 9
0 11 9 2 45
10 12 10 0 45
0 6 2 8 9
15 0 0 11 6
0 3 10 1 10
21 2 15 8 6
0 1 12 1 6
3 11 2 10 10
4 12 15 17 21
3 0 9 39 19
1 2 13 2 1
3 0 26 22 24
28 7 7 22 11
5 1 29 23 0
13 18 3 1 11
13 0 0 18 4
6 6 6 28 19
23 1 0 4 1
0 17 10 14 9
15 8 11 16 4
4 22 6 29 11
5 1 26 14 3
1 7 5 0 0
4 5 12 8 1
7 7 0 4 2
2 2 8 8 4
29 11 10 1 2
0 6 1 2 12
3 6 1 5 0
1 1 5 5 4
3 26 0 1 6
4 7 17 3 3
10 1 2 2 1
19 6 13 0 1
4 0 15 24 3
1 7 50 14 0
2 6 19 5 8
2 20 30 7 33
6 2 9 27 17
4 1 4 3 2
12 0 0 5 7
13 4 0 3 35
24 0 46 17 14
2 12 12 1 7
1 11 13 4 2
40 6 19 12 0
8 8 7 3 2
11 8 8 0 10
0 3 4 10 9
11 0 0 4 0
1 41 6 48 29
4 5 0 1 0
0 4 14 3 0
0 3 11 11 5
35 1 4 8 4
7 15 0 8 9
10 5 7 7 13
5 0 11 3 1
0 15 3 2 3
3 3 4 2 18
39 5 7 17 6
3 4 13 25 4
14 9 30 19 26
3 1 13 5 19
10 12 0 12 9
8 11 2 4 4
1 5 6 6 10
13 8 36 9 26
2 19 0 4 16
7 3 12 0 5
9 8 0 12 1
6 0 13 12 2
2 14 1 36 11
1 9 16 6 6
2 0 5 26 0
5 17 5 15 11
15 5 6 2 8
10 4 16 21 3
0 3 10 2 0
3 11 2 7 0
8 3 2 22 6
1 19 2 5 2
1 0 9 13 2
13 0 5 0 2
6 6 5 8 9
4 41 1 29 0
10 8 3 8 16
8 20 2 4 9
19 8 10 37 16
2 0 11 0 1
2 10 5 5 19
5 27 18 5 0
10 2 4 9 6
21 9 8 7 3
7 6 8 4 0
8 22 10 17 6
0 10 3 17 3
18 2 3 41 9
2 11 13 36 0
15 5 9 25 1
2 6 1 1 20
0 0 2 0 26
3 3 12 2 0
6 10 10 18 2
11 7 5 0 1
4 7 12 7 1
21 12 19 11 7
2 18 10 13 5
10 49 4 13 8
2 13 10 3 7
5 5 3 11 1
1 2 7 2 1
5 0 19 6 1
23 7 1 37 4
0 22 6 8 5
9 0 9 27 2
6 1 23 6 0
5 13 1 11 0
20 2 20 0 25
4 14 18 8 8
9 11 0 10 5
9 0 4 15 3
1 2 5 0 2
2 11 11 7 1
9 0 0 4 19
6 1 5 18 0
8 6 7 3 7
2 14 4 13 3
0 2 1 1 1
34 30 6 8 4
7 4 7 7 7
19 1 3 6 23
7 17 0 12 1
14 1 4 5 4
7 6 3 13 12
15 6 3 0 3
0 1 27 2 5
15 4 0 0 7
2 41 7 4 0
16 11 21 13 25
14 0 3 24 16
5 19 0 22 3
0 8 2 1 2
11 0 15 5 15
0 5 6 4 10
0 1 1 1 23
16 14 23 3 13
1 24 0 0 16
2 7 12 17 5
0 12 14 15 16
11 9 1 3 9
5 2 15 6 0
5 2 9 14 8
31 6 9 4 5
5 0 22 1 3
15 3 0 22 14
16 3 21 4 1
22 17 1 10 4
2 3 6 1 9
4 30 2 6 7
41 5 10 3 2
3 9 6 0 16
16 4 1 0 6
3 23 5 15 58
2 8 2 1 6
4 5 8 17 13
17 2 1 2 1
8 6 19 19 18
17 8 2 12 18
0 2 22 5 10
1 56 3 7 6
5 18 15 5 4
6 43 7 6 4
5 2 0 9 6
18 11 21 5 20
0 6 0 0 11
19 1 3 3 2
4 3 7 0 10
3 1 1 7 3
33 0 16 13 58
4 28 0 1 2
5 3 3 12 0
6 9 6 4 35
11 18 7 0 15
11 8 5 19 8
8 6 5 19 10
6 11 7 4 0
1 38 7 8 0
5 10 10 4 6
9 25 5 5 1
4 28 4 20 5
9 15 5 6 5
8 4 0 1 4
0 15 0 31 1
9 19 2 2 10
4 6 11 6 8
8 8 8 8 5
9 0 1 18 12
1 6 0 11 1
10 8 7 28 1
8 8 1 4 5
9 12 2 5 14
4 2 18 7 1
47 5 2 4 33
1 18 5 2 21
22 6 8 16 0
4 2 24 14 5
13 13 8 0 9
3 9 4 7 9
15 39 6 9 1
5 9 6 10 3
5 0 10 1 7
15 7 8 16 24
5 1 1 3 11
5 22 3 5 15
1 1 3 7 20
14 15 6 11 11
19 0 1 17 4
9 20 6 6 1
4 19 4 4 14
3 8 5 7 1
22 2 6 0 12
3 7 9 19 25
0 23 10 11 15
9 6 1 1 17
4 15 4 2 0
1 6 6 16 3
0 1 2 10 18
9 13 4 6 22
6 0 0 9 6
39 3 4 18 2
0 6 25 0 1
9 4 0 12 2
11 70 13 9 10
20 14 15 0 19
28 1 6 8 4
23 7
