5 9 4 6 4
19 9 9 2 6
5 3 8 9 1
20 0 3 8 10
4 7 11 0 16
17 7 11 2 15
14 4 8 2 5
3 23 2 3 1
1 16 19 5 25
16 11 20 5 14
1 4 0 14 9
13 10 0 9 11
6 5 7 20 7
4 6 9 19 10
0 24 0 5 3
3 8 1 2 20
19 13 17 13 15
2 1 0 3 11
25 9 6 19 6
15 5 26 3 0
11 13 3 10 2
11 15 4 7 8
10 0 9 3 4
17 1 13 11 31
9 17 3 29 24
9 16 8 8 9
6 5 2 7 16
4 12 8 8 1
3 3 0 5 16
4 3 10 4 28
8 1 10 4 10
1 6 36 3 1
3 14 8 21 4
3 2 4 29 2
19 2 18 5 14
3 2 0 0 3
1 3 2 30 1
1 16 37 0 2
1 7 10 5 7
5 3 0 0 14
3 0 13 22 16
11 16 19 10 7
2 0 1 2 0
7 7 4 11 21
5 1 16 10 5
0 33 16 7 10
13 1 16 1 10
20 0 0 1 5
7 11 10 22 29
0 2 0 0 2
14 9 5 0 11
1 4 0 10 2
19 27 3 25 1
0 22 0 23 5
11 22 15 5 3
7 0 15 10 10
4 7 9 6 17
5 6 9 4 2
24 10 14 22 22
32 13 10 14 6
26 3 17 11 11
0 1 13 5 29
7 0 2 2 10
19 1 10 1 7
5 8 2 36 37
8 15 2 24 13
15 5 5 3 1
5 5 5 14 13
6 0 11 0 12
10 6 0 0 6
9 2 15 6 20
72 7 22 0 9
2 12 5 29 12
10 1 5 1 2
4 4 9 7 6
19 8 3 10 8
3 24 2 6 11
10 2 7 17 0
8 3 3 12 1
16 1 8 0 5
20 1 1 3 4
2 0 1 17 19
11 5 9 10 10
43 12 18 5 42
16 7 3 0 18
13 23 3 9 12
29 2 1 15 3
1 0 7 11 2
15 17 17 19 2
40 3 8 12 18
3 0 12 1 0
3 10 11 0 15
5 6 0 4 12
28 18 4 18 10
7 12 3 2 0
3 7 6 8 0
13 27 3 7 1
20 4 21 0 0
0 39 26 3 17
4 7 11 21 7
6 1 0 1 17
1 2 12 25 2
15 0 2 3 0
14 16 0 20 4
7 4 1 1 39
8 27 16 19 10
0 6 1 11 6
11 6 8 5 9
15 11 16 9 11
5 7 17 2 1
11 3 15 55 1
0 2 21 3 4
17 19 19 4 2
2 15 25 3 4
15 13 12 7 12
0 1 3 4 28
2 6 7 11 11
18 7 2 2 2
3 10 7 16 3
12 7 1 0 7
3 25 3 1 16
6 7 30 8 2
1 1 17 2 21
9 8 14 1 1
16 14 5 0 6
0 5 23 1 0
8 47 2 4 26
0 14 6 3 23
1 13 50 9 4
1 4 7 1 1
3 1 5 1 4
0 14 7 4 7
0 34 36 24 0
1 22 8 0 9
18 19 3 4 5
13 0 5 2 16
34 1 3 25 14
5 0 3 3 40
3 6 27 2 29
5 15 37 7 7
2 8 2 11 12
3 11 3 4 0
2 31 12 8 2
2 20 0 1 1
5 5 2 11 7
13 2 0 6 7
16 26 0 6 8
18 26 1 5 8
3 25 5 8 1
9 10 12 30 6
4 9 2 16 22
3 6 5 0 8
3 7 4 5 2
1 2 1 0 5
6 0 5 33 12
6 5 10 3 6
16 1 1 19 1
2 5 3 4 7
2 17 0 0 1
13 0 12 0 1
8 1 3 2 0
0 0 8 13 2
5 6 3 11 5
5 9 4 11 13
9 3 67 11 14
13 7 14 27 29
11 10 7 0 3
0 14 0 54 6
3 0 2 3 15
0 6 2 23 6
27 0 46 7 15
9 7 3 9 1
7 13 2 11 9
1 9 19 3 0
1 13 1 1 8
18 1 0 13 5
7 9 1 2 18
3 0 2 8 4
14 18 6 1 9
16 6 2 4 15
5 4 3 6 8
1 3 2 13 18
4 27 18 2 0
5 10 15 9 25
9 4 12 3 18
14 2 3 1 3
3 3 0 0 3
5 10 0 19 4
5 1 11 4 1
7 5 0 0 5
0 2 28 0 0
5 12 11 4 28
15 0 4 27 13
0 1 10 0 1
1 6 30 27 0
15 2 58 28 11
0 9 4 2 4
22 3 3 3 14
15 0 19 0 20
5 3 5 3 2
0 3 10 5 2
2 33 12 8 3
3 3 13 0 3
5 8 10 0 11
11 12 0 11 26
16 6 8 0 1
6 2 1 4 0
35 3 35 9 2
5 19 11 22 2
3 1 21 6 41
0 9 14 3 12
12 9 18 1 10
0 0 5 4 8
11 1 4 33 9
13 19 9 8 0
43 13 2 2 4
15 0 32 30 39
9 4 18 10 22
10 3 1 0 6
8 7 7 6 16
8 10 1 2 6
17 21 2 2 17
3 9 6 6 1
11 1 11 27 4
2 15 6 5 4
6 5 2 5 19
0 9 18 7 7
0 16 6 16 24
8 0 3 18 4
0 2 5 3 1
2 16 0 13 25
26 1 9 22 16
2 4 22 0 8
10 7 20 6 29
1 0 3 16 4
0 1 4 13 10
1 12 21 14 2
0 0 15 3 10
4 0 16 3 3
14 1 3 3 7
6 2 10 25 10
25 4 2 35 12
5 1 7 34 25
0 1 8 7 11
4 2 29 2 31
16 43 3 7 9
0 11 5 5 14
4 13 4 9 8
30 1 5 12 3
9 8 3 41 17
28 27 0 0 0
4 4 5 19 18
19 0 6 0 5
5 6 1 1 4
2 4 6 4 1
1 5 2 12 21
26 7 18 1 11
3 3 0 29 5
0 6 21 0 6
0 13 0 2 17
0 0 3 4 10
17 7 14 3 2
9 5 7 18 3
19 8 20 1 1
2 8 0 0 4
11 19 3 9 18
6 4 10 23 14
35 8 12 1 19
10 7 9 1 2
1 14 14 3 4
1 42 3 5 18
2 2 2 7 7
11 10 14 20 3
3 6 0 8 8
8 2 10 17 0
0 10 5 22 3
0 3 23 13 12
14 4 2 33 3
0 0 34 3 0
6 10 0 21 9
1 8 7 2 29
19 4 21 13 8
5 32 1 4 1
0 3 3 1 21
12 1 2 3 6
9 0 2 26 6
1 0 5 8 22
0 19 7 16 0
10 9 57 3 18
38 9 3 37 21
3 10 1 9 5
14 21 15 1 2
2 1 5 24 2
12 7 5 6 4
5 10 2 1 3
2 2 21 21 14
3 2 0 0 9
16 5 16 2 23
6 5 8 6 0
4 5 41 8 16
11 9 18 7 0
17 30 12 8 16
3 4 4 19 0
14 1 0 5 5
4 5 7 19 25
15 2 20 8 47
4 1 29 18 2
1 3 22 8 16
22 45 3 2 23
5 17 6 5 7
10 0 4 0 5
14 5 26 9 9
11 1 26 15 6
6 2 20 3 3
3 19 15 0 3
2 7 44 4 0
1 9 7 4 21
30 16 17 30 33
23 3 9 30 26
26 0 12 18 5
6 4 0 33 7
11 3 31 19 27
7 7 2 0 4
8 2 2 0 13
4 28 0 5 30
2 0 5 3 2
26 8 4 3 13
4 8 1 3 6
7 0 18 7 13
4 6 28 7 1
21 5 4 4 16
11 4 2 0 0
26 7 40 0 8
0 20 35 10 10
20 19 11 2 9
1 10 17 9 1
10 8 5 1 0
2 4 7 0 4
4 7 1 3 14
2 13 16 2 11
14 16 4 17 3
5 33 29 35 13
0 44 14 16 15
1 10 3 15 1
4 21 2 7 7
5 18 21 15 0
1 7 24 1 42
30 0 0 7 0
3 9 0 1 16
12 3 9 1 7
3 21 8 6 39
3 7 6 8 24
22 7 14 0 0
6 12 20 26 1
0 11 26 19 8
6 3 0 12 11
57 15 2 17 29
12 0 15 17 0
6 1 8 3 45
4 2 22 1 4
1 29 9 4 1
10 0 10 9 38
11 1 3 18 23
8 6 5 1 32
1 0 11 6 1
25 3 7 6 5
0 19 0 25 3
3 4 11 0 5
21 18 35 3 4
25 1 6 1 9
5 7 13 3 0
1 0 14 4 3
0 2 9 7 4
0 5 18 3 0
1 2 4 2 1
8 17 6 3 6
2 0 2 1 1
3 18 0 18 0
0 12 1 1 13
4 9 9 17 3
17 14 13 8 15
5 3 11 20 4
14 20 2 1 18
3 5 3 12 1
3 8 39 1 12
0 5 15 0 0
22 14 14 3 4
10 3 1 28 2
11 2 14 11 12
2 2 32 3 8
5 1 6 9 39
3 0 1 12 11
10 8 0 7 19
3 0 8 1 19
5 1 5 0 5
3 0 3 6 0
11 10 1 4 1
6 42 23 4 5
7 10 4 11 7
9 14 6 13 10
0 14 8 52 1
7 17 4 4 20
29 1 0 10 10
6 17 19 2 1
0 7 7 4 7
0 1 1 22 25
1 3 6 1 2
5 4 9 0 3
13 1 2 45 11
3 4 1 7 4
42 8 5 47 2
20 18 4 9 26
23 6 29 3 29
28 0 7 14 18
2 8 7 1 11
7 0 6 35 0
19 8 22 4 59
4 1 4 7 11
20 14 4 0 4
29 23 4 39 59
7 23 6 10 4
4 4 11 0 11
11 0 3 7 16
9 2 2 3 15
0 0 6 3 2
10 11 5 0 6
8 32 15 0 5
5 6 3 0 6
17 1 20 4 13
7 4 5 10 4
36 7 2 12 9
19 3 6 29 0
6 0 6 19 3
6 5 6 3 6
9 4 20 16 44
43 9 33 24 17
1 11 17 29 9
2 4 7 22 0
14 9 54 23 5
55 4 21 10 43
4 5 9 0 3
3 3 6 7 3
13 0 2 4 16
37 2 21 37 10
49 30 1 12 27
5 5 10 0 4
20 2 54 2 7
1 8 0 2 4
0 23 18 12 23
15 12 13 2 15
16 32 5 5 23
5 19 8 38 2
2 15 20 7 2
3 9 5 11 2
15 1 24 15 5
1 22 2 9 9
24 11 2 8 15
18 5 38 3 11
48 12 10 1 23
1 59 0 3 21
16 4 5 5 1
34 1 10 11 5
6 28 1 1 14
2 7 2 13 2
10 0 9 0 8
3 28 1 26 5
6 1 1 6 1
12 20 4 2 9
16 17 6 20 6
18 20 6 5 2
18 5 8 1 16
0 3 2 5 51
11 16 5 4 5
16 12 10 0 9
14 3 2 8 8
10 70 1 8 0
6 23 22 14 0
17 2 2 1 16
16 5 24 1 2
2 6 1 1 10
6 25 22 5 3
41 0 1 5 2
12 14 16 5 1
0 15 12 4 9
18 9 28 3 6
9 0 10 5 21
27 0 22 3 6
1 18 2 1 11
2 2 5 8 10
14 3 39 0 0
10 0 1 21 5
1 3 8 17 27
33 13 7 1 0
6 4 41 18 6
22 11 15 1 8
5 21 11 1 24
3 8 15 16 7
25 3 16 13 1
0 4 13 5 8
17 13 16 17 1
8 21 5 11 14
40 2 4 18 13
14 0 19 7 9
0 1 0 0 21
24 3 0 8 30
23 2 4 5 5
8 3 2 7 7
2 18 6 21 6
19 22 6 4 8
8 4 28 60 2
5 3 1 22 7
6 3 3 0 3
35 8 3 0 6
0 17 2 3 0
1 0 21 6 5
11 3 4 11 16
39 7 10 0 0
8 4 20 20 9
5 1 4 1 18
6 1 6 7 3
7 6 9 1 8
1 19 76 1 2
25 13 5 0 7
51 15 26 3 11
2 13 2 17 0
0 24 6 2 8
6 5 2 9 5
7 10 9 1 10
3 9 12 6 3
18 13 5 6 12
4 6 13 11 9
0 8 0 26 4
1 4 9 1 4
23 8 10 26 1
9 3 5 14 12
13 0 5 2 3
8 12 15 2 15
5 2 25 17 3
6 6 8 2 25
12 18 12 5 19
26 6 12 0 26
19 4 10 4 4
4 1 0 10 4
10 1 19 8 14
14 1 16 14 1
1 4 5 5 15
9 5 7 2 11
19 8 8 0 8
31 7 3 8 1
0 4 24 4 9
42 20 7 8 23
15 11 11 8 21
1 4 0 12 8
3 7 0 1 3
8 2 11 6 9
7 28 5 7 7
5 6 3 1 4
25 5 11 3 19
3 4 7 3 1
3 5 5 8 3
37 8 0 1 4
0 2 13 8 6
9 8 28 3 26
0 6 8 23 13
24 15 3 9 6
0 10 4 7 10
5 23 0 0 32
26 3 26 4 16
9 0 4 0 6
11 6 2 6 4
6 1 13 12 0
7 31 1 25 5
12 3 3 2 12
4 1 17 9 13
5 2 8 6 1
16 1 8 5 15
13 16 13 0 1
8 0 3 4 0
1 5 2 1 2
3 14 6 23 6
0 3 8 3 10
4 5 58 0 2
7 6 2 6 1
4 10 8 16 0
1 6 0 2 3
23 14 0 2 5
8 7 0 0 3
31 1 2 2 5
16 15 2 38 0
4 29 0 0 8
8 1 26 7 11
1 1 0 0 2
38 9 7 8 21
6 21 10 17 3
14 18 14 3 5
11 2 2 1 18
23 3 0 11 0
22 8 22 2 0
6 13 4 3 2
5 5 2 3 11
10 4 22 7 7
2 0 1 14 19
5 5 4 5 1
18 5 5 8 2
6 10 3 23 1
4 5 0 15 9
5 3 11 2 6
1 12 7 18 32
3 0 6 8 6
22 2 11 34 9
14 13 8 2 13
37 14 12 11 0
0 7 15 2 1
44 29 6 9 1
44 3 5 2 0
5 16 3 6 9
1 0 9 2 6
1 5 6 2 12
18 10 10 0 3
3 35 0 4 0
52 15 6 16 20
3 8 3 0 1
6 3 38 7 23
27 3 1 2 0
1 8 4 3 12
4 14 6 19 7
15 18 12 23 8
7 1 10 10 1
6 20 4 4 4
18 12 12 16 5
0 14 21 11 2
11 4 13 0 26
15 8 0 19 0
4 22 22 0 35
22 0 10 9 0
50 18 15 11 1
6 3 12 5 4
32 7 2 16 2
14 7 13 2 2
16 5 6 1 3
11 4 2 1 1
8 5 11 3 3
7 2 2 2 16
1 36 0 5 2
6 1 1 17 3
6 11 2 21 32
0 3 2 3 10
1 4 18 8 9
1 3 1 9 10
1 1 9 31 7
10 1 2 34 3
3 1 8 6 0
5 1 8 45 14
1 16 9 20 0
1 8 0 22 18
23 11 9 8 9
3 2 6 1 38
12 20 10 5 2
1 5 5 15 24
1 25 10 9 8
20 2 14 0 7
3 3 5 1 1
5 16 1 15 12
10 4 12 1 3
6 0 30 5 0
4 3 14 14 4
1 8 9 8 0
2 18 9 54 7
14 2 57 1 1
7 4 3 19 21
1 23 7 1 4
22 13 3 38 10
6 4 0 1 0
12 3 19 2 3
19 5 8 17 3
12 12 36 20 26
3 3 6 10 20
1 2 3 12 11
0 14 5 4 3
6 25 8 4 3
11 9 4 12 10
57 13 2 32 19
8 10 14 1 5
4 0 0 7 10
19 13 12 6 11
31 7 10 4 6
13 0 11 3 8
4 10 1 1 6
14 2 6 24 18
6 1 8 31 0
18 42 6 64 1
3 19 9 5 11
4 6 7 4 21
0 16 1 37 12
0 8 19 29 14
5 3 21 4 3
11 35 17 0 15
3 3 1 1 26
13 8 26 2 14
0 1 18 21 4
26 6 2 1 3
3 5 7 5 0
5 4 1 13 5
8 0 4 7 14
0 21 12 32 6
6 6 0 4 1
9 13 1 14 20
3 13 11 20 2
6 6 6 5 5
8 8 2 4 1
3 3 0 38 15
2 8 16 7 3
30 0 15 7 2
12 25 35 0 0
1 15 4 14 0
3 2 1 1 5
3 0 7 7 0
11 25 8 4 12
0 1 14 3 5
2 23 3 6 9
4 1 0 5 0
1 6 6 2 24
13 21 6 5 13
0 40 0 17 0
2 9 3 1 14
13 9 8 3 14
49 1 0 7 5
5 16 9 8 2
0 16 9 3 27
2 2 20 34 2
4 12 1 8 5
5 5 1 15 13
0 2 7 27 3
17 12 7 7 12
15 9 17 8 14
1 1 6 28 0
7 3 25 3 3
4 4 11 19 1
1 2 4 3 6
2 5 4 2 0
8 6 2 21 9
0 0 21 7 9
10 7 16 27 7
41 5 4 19 6
13 10 14 1 3
2 21 3 44 13
4 2 7 3 1
9 2 4 8 9
28 2 9 3 13
0 1 2 4 4
7 19 1 6 1
6 12 30 11 14
16 25 4 46 8
12 9 0 13 0
3 8 4 3 0
9 9 3 13 0
11 7 5 9 12
13 8 6 29 20
5 12 4 0 19
14 18 14 5 16
4 2 0 5 12
5 13 6 6 10
12 0 0 3 5
6 5 3 11 16
6 4 6 24 8
8 8 6 9 11
5 0 6 1 0
32 0 9 1 6
8 3 16 10 3
2 0 1 16 16
9 1 9 5 6
30 7 6 14 10
13 13 1 2 30
9 9 4 3 3
2 1 16 0 5
2 0 17 1 4
9 18 1 20 5
12 9 43 42 1
3 1 11 16 0
16 21 4 1 0
47 1 19 10 7
22 53 71 37 5
18 3 0 0 7
0 16 3 0 7
18 6 2 10 6
24 12 14 0 7
5 0 4 17 1
7 5 15 47 1
5 5 9 19 1
23 12 10 13 3
38 1 18 10 14
6 1 1 2 6
8 3 22 5 17
2 6 4 9 14
5 4 16 24 0
12 15 2 8 11
2 10 7 4 6
5 13 2 18 1
14 14 3 1 21
6 26 35 12 5
6 6 14 8 38
3 8 26 10 1
7 7 25 3 8
1 13 27 1 7
2 7 12 0 7
70 29 4 30 21
16 0 3 9 12
3 5 7 19 7
12 9 4 0 12
15 1 6 23 0
0 11 6 34 4
5 2 10 17 11
4 13 3 24 0
11 36 17 4 18
3 2 12 18 6
3 6 1 11 5
14 19 15 15 1
7 31 1 8 17
0 1 3 19 1
24 16 12 2 8
1 14 2 3 2
13 4 4 14 6
2 13 0 2 0
15 21 12 6 10
5 2 5 4 11
3 2 20 10 1
5 3 1 3 10
15 2 11 33 8
5 17 19 27 4
9 26 15 14 10
0 15 0 16 3
4 8 10 2 1
9 6 26 18 4
15 13 20 11 7
11 39 0 20 48
5 6 0 1 14
35 23 21 7 0
0 0 3 1 17
16 8 9 3 7
7 3 0 9 4
9 2 8 1 22
3 0 19 1 16
21 16 2 2 5
11 21 4 17 1
8 6 7 3 4
0 40 9 0 12
17 37 20 6 17
6 7 19 18 4
53 26 41 6 2
0 9 9 8 2
6 1 8 0 0
23 13 5 12 5
0 2 4 0 5
8 2 15 33 2
2 7 2 34 7
40 20 0 2 3
0 1 23 4 5
2 15 4 7 0
11 2 3 13 13
9 1 9 6 2
6 23 5 4 10
5 0 13 4 18
1 7 2 11 2
12 3 9 16 2
1 11 4 7 1
33 3 24 3 10
4 8 11 1 2
35 9 12 0 4
0 0 11 15 42
1 3 11 3 7
6 4 12 25 28
7 22 12 5 23
3 14 23 4 2
5 12 20 15 7
1 4 4 17 0
5 0 8 9 4
11 4 3 10 22
5 9 4 12 3
1 16 1 0 2
8 2 20 14 26
11 1 19 6 0
31 6 4 14 0
0 8 3 5 30
15 0 2 2 10
18 1 6 8 3
0 6 15 3 4
2 7 0 1 4
34 13 8 6 0
0 37 7 15 6
3 18 10 1 9
6 0 5 3 1
11 27 23 14 8
2 1 0 1 11
6 1 5 8 7
9 5 8 10 12
1 0 8 8 5
3 0 38 3 0
2 0 13 12 13
7 22 3 8 6
1 2 11 3 15
3 41 1 13 8
7 28 2 3 3
17 3 9 2 10
7 3 3 12 45
11 2 2 7 14
17 0 14 19 25
6 4 8 1 8
15 2 0 2 1
1 3 0 6 5
10 6 4 10 8
14 15 1 8 29
11 14 2 7 1
5 11 1 16 20
11 8 0 2 2
6 4 14 0 3
12 26 8 0 2
4 4 6 23 10
3 9 7 6 8
13 2 33 17 3
7 1 14 4 11
7 1 2 2 15
11 26 2 5 19
11 1 0 1 11
27 6 26 3 3
4 4 5 28 6
13 28 8 3 4
11 15 25 4 4
9 22 7 2 14
4 5 13 1 6
5 12 31 1 9
11 7 11 20 1
3 0 15 12 14
0 18 10 11 15
1 7 1 17 4
0 6 10 6 1
7 33 23 9 0
2 10 30 6 2
5 1 15 2 5
21 7 1 0 10
11 30 6 0 10
23 0 6 15 1
0 12 3 13 4
8 3 7 3 6
10 9 6 2 4
13 0 2 16 1
1 4 0 11 30
11 2 1 7 1
7 6 5 19 0
5 5 1 5 4
37 1 6 1 4
2 12 9 11 17
4 5 11 16 16
6 18 6 6 8
11 2 27 9 23
2 4 2 7 2
21 2 9 32 0
9 9 7 8 10
0 0 4 5 7
7 1 15 2 1
3 7 9 13 3
24 1 15 33 0
0 1 1 53 7
34 4 5 6 4
1 1 1 1 0
0 13 4 15 1
25 1 13 18 3
4 2 0 8 24
17 3 4 10 7
5 14 38 21 5
5 0 9 0 1
7 30 2 3 18
11 0 25 2 16
1 12 3 10 0
3 5 16 14 8
14 14 2 3 16
2 3 4 3 5
5 1 19 13 12
2 1 0 4 11
10 5 19 6 2
8 7 0 15 0
0 0 5 1 3
2 12 3 3 34
9 26 0 3 4
5 6 3 19 4
3 4 18 6 23
31 7 27 3 18
1 3 33 13 14
3 1 6 8 1
2 35 7 19 31
0 7 1 5 7
3 0 6 28 10
11 4 3 23 10
18 0 15 5 5
0 9 2 7 7
7 25 10 6 33
4 1 5 2 5
6 20 0 9 25
2 5 0 0 11
1 0 1 2 5
1 0 25 9 1
7 2 5 5 12
7 24 10 12 2
5 3 36 17 0
4 6 55 3 5
1 9 23 2 12
3 66 9 0 3
6 6 8 2 16
3 6 13 12 1
0 12 2 2 8
0 4 1 20 38
7 7 4 1 26
22 12 16 2 10
12 23 1 31 3
3 40 11 4 11
5 1 3 0 11
21 22 2 7 0
0 5 4 3 1
15 8 4 4 13
9 3 1 12 3
10 0 10 13 0
21 23 5 8 0
6 26 22 4 17
2 4 4 2 2
3 6 5 1 2
24 4 0 6 9
2 3 7 5 7
16 4 2 8 6
3 1 15 0 1
1 0 18 6 4
36 4 18 15 0
5 6 1 2 2
6 7 0 9 3
5 6 16 10 14
10 2 8 19 9
6 6 10 10 4
7 24 6 34 2
3 8 22 4 10
0 12 2 2 2
3 5 8 21 19
1 16 5 3 8
1 5 5 4 2
6 20 40 17 0
3 13 7 4 15
1 29 5 11 6
0 1 2 1 11
2 8 5 8 3
8 8 6 3 3
80 13 0 1 2
11 22 7 4 4
9 3 11 1 0
14 12 5 10 8
6 10 2 14 0
11 0 3 1 1
1 9 12 2 20
12 16 7 23 11
3 12 17 0 5
2 2 1 12 14
22 9 2 1 9
8 7 0 30 1
9 7 13 1 15
2 9 27 6 2
8 15 6 5 6
6 0 8 0 15
8 30 4 1 4
4 8 8 1 8
0 2 0 11 34
11 30 6 1 14
11 8 19 1 4
3 1 11 1 10
6 25 11 14 0
17 3 2 19 8
1 7 20 21 4
3 1 9 3 25
2 23 5 6 3
15 0 4 4 1
0 15 13 2 5
2 1 0 0 40
1 9 17 8 12
5 10 11 4 1
10 36 1 33 24
22 1 4 21 1
0 2 4 3 2
14 3 1 15 12
3 9 0 11 0
8 8 6 8 8
9 4 9 8 8
3 45 18 6 3
15 1 3 6 13
6 32 1 25 0
9 10 8 6 14
3 0 9 18 7
10 14 5 8 11
4 0 0 5 6
6 3 3 13 6
0 0 0 2 1
1 3 3 5 43
15 7 6 8 4
3 10 5 12 24
5 2 4 2 3
24 7 8 20 7
4 2 5 8 11
56 1 14 8 2
9 13 5 17 20
12 9 8 2 7
6 26 0 13 1
8 4 13 7 4
8 9 8 8 1
32 2 4 11 0
5 5 0 41 8
11 1 5 12 1
17 5 4 54 1
29 5 15 12 17
13 27 34 10 0
68 10 4 11 1
4 1 7 6 7
10 21 1 8 2
1 8 4 7 2
1 24 2 7 0
3 7 9 5 18
2 7 14 0 5
11 2 4 4 5
2 11 16 2 1
7 1 15 7 9
5 5 1 2 4
20 2 14 0 1
4 2 37 1 3
27 0 4 20 13
1 12 4 29 4
5 11 2 49 1
1 70 3 0 6
40 4 7 15 2
23 0 3 2 16
6 4 7 7 2
6 7 12 21 1
19 0 25 1 25
5 19 12 49 1
2 3 9 14 0
0 2 2 8 23
0 11 4 7 3
7 2 43 3 3
3 6 0 5 39
1 5 13 9 0
21 10 0 17 1
10 11 0 19 8
4 5 10 1 6
18 3 7 0 1
1 1 4 39 1
8 6 27 3 4
15 17 5 10 3
10 10 2 6 0
3 23 1 26 2
6 10 0 41 6
1 2 8 19 1
50 11 18 15 22
0 13 20 30 19
18 2 4 3 3
9 0 5 0 10
4 11 22 1 8
21 10 3 3 5
9 6 2 2 12
13 4 2 7 1
25 1 18 6 15
13 1 17 19 12
24 2 0 7 2
8 3 3 6 1
5 6 11 2 6
7 10 6 1 12
10 2 13 0 19
16 15 7 6 9
25 2 1 1 10
22 4 2 4 8
8 5 2 0 22
18 1 37 3 9
8 8 2 1 0
16 0 1 7 1
7 38 7 3 5
0 4 5 0 9
5 2 7 7 6
2 7 1 8 19
0 10 37 38 0
6 3 16 7 28
18 1 18 46 9
8 0 2 0 24
13 4 8 0 16
7 5 15 5 14
17 14 3 1 9
4 1 4 5 19
9 3 5 3 0
17 0 23 3 34
4 2 12 5 14
18 0 4 22 42
1 3 19 4 36
2 8 3 62 3
11 10 1 3 6
4 15 22 5 9
3 2 1 2 3
7 1 2 11 5
3 1 8 4 0
6 1 10 0 3
20 1 3 5 2
7 32 11 23 7
5 3 8 8 20
0 11 13 1 4
9 11 14 35 4
9 0 11 8 9
2 6 13 0 31
2 10 12 28 8
0 44 2 25 32
11 1 7 5 7
3 0 2 24 7
9 5 2 6 14
25 3 0 5 15
16 11 1 3 5
1 11 4 3 2
32 8 6 9 9
0 17 4 0 5
16 0 3 1 5
12 27 0 7 4
0 9 21 0 8
27 6 2 3 0
13 0 8 0 5
4 19 8 4 16
0 21 6 6 9
8 7 4 4 0
14 5 0 13 4
2 9 1 13 10
0 0 4 4 8
27 36 1 4 4
5 12 20 10 3
49 34 10 4 3
31 1 20 0 8
17 22 21 27 30
9 9 0 3 2
3 8 20 1 1
9 1 11 5 6
3 0 0 0 21
37 6 10 0 5
6 0 28 8 27
16 13 9 8 12
24 1 3 2 4
43 2 0 1 4
6 3 3 9 9
11 0 3 1 3
5 4 1 21 8
8 0 4 13 11
7 20 10 5 12
0 7 9 0 8
0 8 6 0 6
1 12 6 7 13
1 21 5 3 7
5 0 7 23 10
12 9 0 4 3
2 7 9 2 32
13 3 3 11 15
0 3 13 5 20
9 0 4 5 1
9 6 0 3 15
5 0 20 10 1
2 7 6 6 11
15 8 1 8 7
7 0 3 0 6
13 10 8 15 4
10 0 13 15 13
3 8 0 0 14
7 3 10 3 4
5 25 7 9 11
10 25 5 1 1
6 4 25 5 7
21 1 2 10 36
7 4 6 3 14
5 8 16 0 0
10 5 6 2 3
10 5 2 1 19
5 7 1 20 5
23 6 6 11 1
9 14 16 13 0
13 22 47 7 31
1 4 1 2 18
16 30 7 0 3
6 14 0 6 15
6 17 1 10 19
2 1 1 11 11
3 24 26 1 5
11 6 10 14 14
1 13 5 18 3
7 1 0 0 0
0 6 14 8 38
15 7 6 6 11
11 0 11 2 26
7 7 22 1 3
15 2 1 2 1
3 6 0 7 1
28 3 4 9 2
1 0 1 13 5
7 17 15 0 6
3 5 2 0 16
1 12 7 0 6
1 4 6 9 9
1 1 15 15 8
5 0 0 7 1
0 39 23 9 4
1 26 29 1 1
2 10 7 10 6
4 0 11 4 1
21 3 3 0 0
9 24 17 7 0
2 21 1 23 5
17 1 7 10 2
9 16 0 1 6
2 1 13 3 15
12 6 5 7 8
26 14 35 8 0
11 12 11 0 9
3 22 30 4 5
18 0 20 5 8
12 15 0 58 41
0 50 11 1 16
3 9 3 5 3
17 8 32 2 13
3 4 5 6 19
12 14 1 3 3
8 1 25 8 6
12 2 6 0 8
43 10 16 3 2
1 1 17 4 6
7 14 12 1 13
10 4 2 17 0
6 6 10 34 36
17 8 15 2 14
19 3 5 0 38
18 3 0 34 8
2 0 11 3 10
9 39 19 6 1
12 3 9 5 40
7 12 12 10 1
4 7 6 3 1
11 13 8 1 6
34 2 0 0 6
24 15 4 10 7
5 3 3 2 1
12 0 10 27 2
6 13 15 3 3
18 0 4 19 2
1 1 5 6 13
2 15 0 7 19
10 1 3 4 3
6 7 26 1 29
5 2 15 16 10
16 20 15 25 10
10 0 2 0 12
0 2 30 2 5
27 1 7 48 4
2 0 7 8 16
7 27 5 2 8
9 13 2 1 2
22 1 4 3 2
7 8 2 3 56
9 10 1 15 27
3 11 9 2 0
10 7 0 6 36
14 4 14 13 7
2 13 11 1 11
14 14 0 0 10
13 6 11 0 4
0 15 19 17 1
3 8 2 5 3
31 13 3 3 12
10 1 14 15 2
34 3 2 2 15
3 8 5 15 5
9 37 6 10 4
4 0 3 6 18
5 11 3 7 8
12 0 13 6 5
3 2 13 0 14
14 6 8 36 10
25 14 20 13 36
10 2 18 6 1
0 1 7 1 12
11 15 2 17 3
25 25 6 0 15
2 4 3 3 10
4 13 4 9 9
22 20 9 15 4
55 2 3 18 18
6 19 2 2 4
7 8 5 9 9
5 5 13 21 9
5 6 83 8 3
11 3 0 7 12
3 4 3 1 4
15 19 5 0 7
6 6 1 4 2
5 2 10 6 3
13 12 27 23 7
2 3 6 7 4
1 9 3 2 26
16 27 4 1 9
5 8 1 7 1
1 11 2 0 1
2 5 2 20 16
11 8 7 1 1
3 5 1 11 8
1 13 1 14 21
26 1 1 0 15
2 1 3 0 9
6 17 12 10 2
0 0 5 10 2
7 7 22 16 0
2 7 5 9 5
13 6 0 3 13
8 25 0 0 7
3 12 2 17 4
8 10 1 6 10
14 26 2 10 0
37 8 25 0 0
0 19 12 13 2
23 6 23 7 7
1 10 3 0 6
19 0 16 17 6
5 5 2 2 0
16 24 5 21 7
20 1 0 1 2
0 1 30 0 7
4 9 24 5 12
13 12 19 4 2
0 17 26 2 2
1 2 7 26 2
5 11 13 5 1
0 12 4 21 4
10 12 5 5 1
5 14 1 2 5
13 5 0 21 9
9 0 7 9 6
2 0 11 22 6
21 3 0 17 11
12 0 4 5 8
20 3 5 0 1
9 5 12 19 22
19 16 2 6 17
10 6 1 3 3
5 8 1 7 28
15 1 13 4 9
0 1 18 11 16
6 5 8 14 13
4 5 13 8 15
1 7 8 5 8
4 5 13 16 7
8 6 8 13 1
19 8 12 0 22
10 4 2 14 21
9 32 8 5 5
23 34 26 4 1
17 4 3 35 3
3 11 0 2 12
9 3 13 0 3
7 22 6 16 4
1 26 5 6 0
5 8 1 8 10
19 4 17 14 14
0 2 17 5 0
14 18 12 11 12
26 0 2 22 3
1 13 9 5 9
3 4 6 11 9
14 31 0 24 18
1 13 26 0 20
10 4 1 13 17
4 12 3 22 4
9 1 2 1 9
3 1 3 10 24
1 3 5 19 8
3 15 19 2 0
8 12 12 18 0
16 15 21 9 6
2 4 3 1 0
3 25 1 17 7
33 0 4 41 7
9 1 7 0 1
16 9 3 30 45
4 8 2 0 5
15 8 10 5 0
9 6 4 28 6
8 5 0 2 32
5 9 10 0 17
0 5 2 1 1
0 12 24 0 30
15 5 1 9 0
49 7 8 5 1
1 13 4 31 0
30 7 6 5 14
17 11 0 19 3
14 0 17 3 2
2 3 7 1 0
16 9 3 10 1
1 16 17 0 11
11 0 16 8 19
7 9 1 1 3
14 7 4 0 15
33 16 25 5 18
2 16 48 11 8
0 9 3 6 2
10 11 2 0 4
2 17 0 24 14
11 1 19 11 3
17 7 14 1 6
9 9 7 9 3
1 0 9 11 2
14 21 8 16 10
10 12 1 7 9
23 2 17 1 27
15 4 1 6 4
3 11 5 23 2
5 20 4 3 30
0 12 3 3 10
4 13 15 4 4
10 5 14 11 1
3 7 3 5 1
4 2 8 15 1
5 11 4 15 3
17 1 19 3 9
0 1 10 8 35
23 9 10 10 13
1 0 6 6 1
3 3 1 0 14
20 3 10 43 16
9 3 5 6 14
7 9 12 14 0
39 1 25 0 3
18 3 0 12 2
15 2 9 4 3
0 4 5 6 1
1 11 42 10 0
3 28 4 2 0
16 22 0 1 0
4 7 2 16 6
5 5 8 3 1
18 37 6 2 15
0 5 9 0 0
3 2 21 3 18
16 1 5 3 5
17 6 1 29 13
8 0 20 2 4
21 5 1 12 10
14 16 8 3 20
4 19 10 52 9
5 1 6 24 5
9 0 10 10 46
1 5 8 7 3
5 2 1 3 9
7 8 0 2 7
6 0 1 9 1
13 2 12 2 0
9 34 15 12 10
4 4 5 8 30
1 3 10 37 11
13 18 7 22 6
1 4 6 0 16
5 1 10 3 2
1 3 14 2 10
16 30 0 14 0
1 19 18 2 0
5 0 1 16 0
3 8 3 28 8
0 1 8 0 0
4 15 4 7 31
0 8 9 18 13
1 4 0 3 25
2 3 5 4 4
2 4 1 5 2
12 9 1 5 26
5 5 8 18 0
1 7 3 4 5
1 20 1 26 1
1 12 9 5 1
14 6 5 3 3
4 1 6 0 3
4 9 3 5 0
25 1 13 2 4
0 14 13 9 3
17 5 21 4 23
3 4 12 2 8
3 7 60 14 10
25 9 10 6 0
31 5 11 2 8
2 50 5 25 1
6 15 24 4 41
16 11 2 4 25
40 37 18 0 5
3 0 10 1 2
15 0 4 5 3
0 10 32 7 6
0 12 1 9 0
2 64 9 8 11
9 2 7 10 10
15 0 13 6 20
2 11 7 1 23
3 7 2 8 17
6 26 10 19 8
12 9 23 7 3
10 0 5 9 3
5 2 4 2 5
32 21 2 5 11
35 3 3 0 10
4 1 15 3 3
7 1 11 18 10
2 2 10 9 13
10 62 19 4 10
4 5 5 13 10
18 18 3 16 6
0 5 1 2 26
11 2 1 0 25
4 2 3 12 0
3 12 2 1 2
0 1 5 7 5
24 9 15 0 15
0 2 27 10 30
14 2 6 0 12
12 40 1 1 3
6 1 3 14 11
18 23 8 6 9
7 1 1 3 13
7 5 2 10 10
22 11 3 8 6
0 3 8 21 4
7 9 9 13 3
20 2 10 1 10
5 2 4 7 1
11 14 5 6 3
0 11 1 3 0
21 11 0 5 22
6 1 1 4 0
2 2 16 0 12
4 6 2 10 4
23 11 7 9 1
4 16 5 4 6
3 4 9 10 2
13 4 9 5 4
11 15 10 4 14
8 5 3 2 15
3 3 18 5 6
11 0 20 0 44
39 7 2 6 0
13 4 8 13 17
27 2 24 38 20
0 15 20 6 6
5 19 8 0 22
2 8 1 7 7
13 10 0 4 5
4 14 1 3 4
13 26 6 4 1
11 0 9 12 18
24 5 12 10 41
0 0 0 22 6
13 5 5 3 6
5 15 18 52 11
14 14 1 15 2
6 0 0 22 2
27 11 1 9 18
1 20 2 10 0
2 0 14 18 0
2 5 17 8 0
0 10 4 3 12
12 49 0 10 9
11 3 1 4 1
12 16 13 15 24
4 7 8 7 8
18 22 0 6 0
11 5 9 1 6
21 27 14 1 5
11 14 8 12 6
4 6 6 13 7
7 8 8 6 6
16 3 3 17 3
35 0 5 8 4
8 0 0 14 11
3 0 10 2 25
23 6 3 2 19
7 5 16 6 15
0 1 5 7 7
1 3 8 0 5
40 1 0 19 2
1 5 18 23 33
5 18 1 1 18
2 25 3 18 2
8 0 5 10 3
24 1 5 1 9
3 0 3 2 7
23 3 19 28 2
0 24 1 1 11
6 9 7 2 0
16 2 18 0 5
2 2 2 0 0
7 5 0 1 41
14 7 22 5 2
4 10 18 0 4
4 9 3 14 7
12 7 17 8 8
0 15 22 1 17
14 15 2 7 6
4 13 4 2 2
15 1 39 15 3
13 21 2 4 11
2 1 6 16 7
32 10 16 7 11
3 4 7 7 10
2 18 3 7 0
15 12 4 10 3
3 0 2 0 0
1 1 9 10 8
10 26 29 1 12
0 1 23 3 12
32 6 2 36 8
12 10 15 1 3
30 0 3 7 2
8 2 23 21 3
23 2 27 24 6
7 29 28 8 5
3 12 8 1 27
11 1 5 6 8
36 10 45 1 1
13 8 4 18 19
28 2 0 15 8
1 2 15 8 0
5 7 37 31 9
1 1 14 32 0
31 5 14 13 23
0 1 11 0 3
11 5 4 2 1
2 0 15 7 0
11 2 3 62 3
7 13 5 2 7
0 2 7 5 1
1 4 2 18 1
1 22 3 32 22
14 6 6 15 0
17 34 0 2 22
11 8 5 8 11
1 3 1 24 21
12 27 10 13 14
34 1 22 2 0
7 33 11 20 27
3 7 6 6 9
12 28 15 1 5
2 39 1 1 5
2 2 0 7 4
7 5 1 7 1
6 17 43 9 26
5 5 19 1 15
29 12 32 4 7
2 26 2 0 3
5 6 12 0 0
19 7 5 0 10
27 4 4 3 8
8 4 11 5 7
26 5 3 0 10
0 3 9 7 4
13 6 5 15 20
6 4 1 11 0
2 2 15 17 29
2 12 4 20 0
12 39 4 1 1
2 3 43 0 5
18 3 3 3 27
1 9 4 4 1
25 1 21 4 6
16 5 0 8 5
5 10 10 15 2
11 1 25 3 1
10 1 12 16 14
0 3 11 6 4
3 0 8 12 41
21 3 20 26 35
16 8 14 4 2
21 3 19 14 1
4 0 6 0 10
9 1 12 2 1
5 37 38 3 19
2 2 0 29 1
17 15 4 4 3
2 2 40 0 7
4 6 2 1 1
11 1 8 14 15
5 3 12 10 11
6 12 0 0 23
2 4 2 9 17
3 8 2 8 4
2 15 16 2 3
15 34 2 30 17
0 7 9 0 2
8 14 4 21 6
5 19 0 2 17
18 9 3 18 17
19 4 26 5 6
0 5 14 0 63
16 14 2 10 7
2 6 28 2 2
12 1 7 5 3
13 15 13 12 5
3 8 5 4 1
0 13 4 8 3
26 3 40 20 18
1 2 9 6 9
9 6 0 5 19
10 0 4 4 3
42 1 2 0 7
10 6 19 0 4
0 4 12 5 13
9 0 4 16 10
0 2 0 2 0
0 4 9 2 1
0 15 1 36 4
2 6 5 5 4
5 4 3 1 12
12 1 29 2 14
3 18 6 13 2
4 3 3 5 23
8 1 1 6 18
9 6 9 11 3
7 15 7 27 69
0 21 0 16 7
15 9 15 11 4
6 26 16 15 0
3 22 37 8 8
19 5 25 3 0
11 19 10 10 2
5 6 7 4 2
32 17 7 0 15
11 1 5 9 0
9 12 6 10 0
8 4 5 3 35
8 6 17 1 8
9 28 7 5 1
5 14 5 27 3
21 0 39 29 3
7 2 2 31 0
1 17 4 36 0
0 22 14 12 5
4 5 15 41 31
2 3 6 9 18
23 16 5 1 17
2 12 13 2 5
1 22 2 14 15
0 6 0 0 13
0 7 1 0 0
14 2 13 10 27
20 14 0 0 14
6 3 1 0 23
0 14 1 5 1
5 3 0 23 19
0 0 4 16 3
0 3 1 1 7
1 5 36 11 8
4 0 16 13 13
6 11 0 9 17
18 7 9 19 8
13 27 2 17 2
0 3 10 9 26
13 3 9 1 2
1 7 0 30 6
0 22 11 2 10
2 5 8 18 3
12 0 1 17 17
18 8 7 9 7
1 9 6 4 10
14 2 2 7 11
2 2 7 1 5
0 7 9 8 3
3 16 1 20 0
16 11 1 2 17
8 9 1 1 6
27 5 6 5 8
4 5 7 13 6
4 15 2 5 9
1 9 22 15 43
5 0 9 1 12
0 1 7 8 2
9 14 1 6 3
11 26 1 30 23
3 2 15 0 2
20 7 0 10 15
5 15 9 11 3
2 6 5 6 7
5 12 23 21 5
4 28 0 18 3
0 6 43 5 16
1 4 8 10 0
11 1 9 3 1
8 12 8 2 1
5 27 14 17 4
22 13 5 1 11
10 13 0 6 5
3 8 1 10 33
11 6 14 8 4
3 2 0 3 6
8 1 16 2 6
1 16 16 3 14
19 43 11 23 3
11 24 19 1 8
19 14 2 8 14
5 5 0 29 33
0 8 0 3 8
2 6 2 0 9
6 16 12 3 3
1 16 7 14 15
3 4 0 9 17
5 7 20 2 6
4 14 11 21 13
6 7 16 7 10
0 4 0 14 3
0 24 1 2 0
21 40 6 4 40
4 9 2 6 29
10 26 3 13 14
2 7 0 4 9
24 4 0 10 3
1 13 4 1 15
5 10 3 5 7
7 7 13 10 6
6 5 4 3 4
10 34 4 3 15
10 5 0 0 0
4 19 4 0 25
12 6 11 8 1
8 1 9 3 2
2 5 1 8 0
37 4 0 9 3
27 4 5 12 8
2 23 4 0 33
18 0 0 2 22
16 1 2 3 12
7 0 48 3 2
5 6 11 9 2
2 20 2 5 23
3 1 3 2 0
2 3 21 6 2
9 7 0 21 3
19 34 2 1 8
0 2 4 24 1
2 7 6 14 4
2 26 30 14 12
4 17 2 3 0
0 2 8 3 9
10 4 27 6 3
35 2 5 10 3
5 9 4 1 5
2 7 6 1 3
23 18 0 21 14
2 0 6 0 0
0 7 2 1 5
0 8 5 12 11
0 9 3 1 7
12 8 26 0 0
25 7 3 6 11
1 0 45 5 21
10 9 8 4 0
0 20 6 4 1
3 4 5 11 14
0 4 49 2 8
4 12 2 37 10
1 2 1 4 3
3 42 3 10 8
7 0 23 7 6
13 3 7 8 17
1 11 11 2 2
11 3 0 11 7
1 28 31 9 1
0 1 0 5 16
4 21 12 20 5
1 22 4 22 19
4 16 2 2 9
12 11 2 13 3
2 9 11 1 25
11 21 14 4 2
0 2 7 5 11
17 2 0 24 1
1 2 15 6 4
3 2 17 0 6
1 8 4 17 5
4 4 7 0 50
2 18 17 5 20
9 10 11 6 3
17 3 2 7 10
18 22 5 1 2
5 5 9 3 1
6 7 0 2 19
12 0 1 0 4
8 16 8 13 0
1 8 3 9 3
16 0 2 0 8
3 5 9 5 9
13 1 7 13 8
9 4 0 1 26
3 1 3 0 2
1 3 10 24 8
5 0 1 9 29
2 34 15 0 12
0 22 0 3 4
26 3 7 8 1
2 5 4 12 14
1 0 9 9 9
5 4 22 19 23
8 2 6 62 14
2 4 24 6 2
10 1 12 10 23
23 16 10 3 2
9 10 0 3 1
5 7 6 7 0
40 0 5 0 6
2 20 3 29 5
9 4 7 8 17
17 3 10 5 0
13 10 2 31 0
3 11 13 2 14
4 34 5 7 0
7 21 6 4 2
4 2 19 2 4
37 2 9 6 0
14 0 7 2 6
25 6 25 2 23
21 17 10 14 7
6 1 1 1 5
13 13 11 1 8
8 10 3 2 16
1 8 12 13 5
2 0 6 5 2
4 1 3 11 6
17 0 6 8 1
3 18 11 6 1
1 5 5 0 1
1 9 2 3 12
14 3 2 2 4
3 18 2 21 4
6 20 1 30 36
28 17 26 5 0
10 2 32 4 0
12 2 3 7 12
9 33 8 15 17
30 4 3 19 4
4 20 9 6 5
15 0 18 3 10
42 0 15 17 45
4 12 30 3 9
15 0 0 0 11
0 3 9 4 10
3 25 1 4 24
0 3 3 1 8
7 2 19 18 4
1 4 6 7 0
24 13 5 2 6
29 13 3 8 9
9 30 1 27 5
1 2 12 22 0
15 2 30 12 20
16 1 1 7 10
14 7 7 2 11
12 20 25 3 2
1 6 5 1 7
2 3 6 0 10
6 8 0 29 7
5 1 4 10 0
8 15 18 0 16
15 21 3 33 16
8 1 19 1 0
7 7 1 16 3
21 8 13 7 0
27 3 2 2 7
2 2 9 7 5
2 7 4 30 5
12 0 10 6 8
8 5 0 5 0
14 3 13 8 0
10 15 12 2 12
22 19 0 10 6
2 10 3 19 1
26 29 5 1 22
20 1 8 10 11
1 3 0 3 1
19 18 24 4 3
1 11 16 0 1
2 2 13 11 4
4 29 13 21 66
5 13 1 5 1
4 6 30 12 25
0 10 2 7 6
4 4 0 1 7
1 6 1 3 7
16 3 5 3 22
28 4 5 9 0
1 42 0 0 0
1 32 34 13 6
9 3 4 2 2
5 6 16 16 8
6 1 3 0 0
14 0 6 3 0
8 8 7 1 1
10 3 54 29 0
1 12 28 18 6
6 1 0 29 9
7 8 26 6 4
18 8 8 2 10
0 1 6 14 0
17 1 5 1 3
37 31 1 5 7
1 1 1 7 21
8 2 0 6 11
15 6 34 2 21
1 1 6 9 12
8 21 1 38 15
2 9 64 3 5
5 1 16 12 8
4 21 8 1 4
0 3 0 7 15
15 6 8 1 8
2 20 9 5 2
8 16 8 22 4
6 22 12 7 0
16 24 6 21 4
6 5 22 5 45
35 0 1 36 5
5 11 2 5 8
0 2 4 5 29
34 3 19 15 12
12 5 9 13 2
2 23 3 15 9
14 5 1 19 25
0 5 15 2 0
46 0 4 3 24
11 30 16 1 10
56 7 5 3 10
4 8 0 20 5
15 12 8 0 6
8 4 7 7 8
5 31 28 28 11
3 1 1 2 20
11 3 0 25 21
9 1 0 6 0
0 5 2 0 3
7 2 17 0 22
2 0 5 0 12
18 4 7 1 0
1 6 35 1 0
14 12 0 11 3
11 2 2 15 68
13 9 6 16 25
10 9 57 5 12
13 9 3 1 3
19 27 4 10 0
3 10 0 12 3
9 1 9 1 10
0 4 7 4 5
16 0 38 3 21
1 4 5 0 1
22 3 13 2 22
0 22 52 1 14
2 2 2 3 8
20 1 8 6 0
6 7 4 2 3
4 0 2 6 1
9 9 0 16 39
33 8 1 0 7
0 23 8 6 0
26 9 6 5 14
10 13 23 11 38
12 17 13 1 3
12 16 0 3 19
0 16 12 10 9
3 10 3 0 0
4 6 36 4 15
48 1 9 1 12
9 26 5 1 1
2 6 18 2 3
1 1 22 4 10
14 0 4 13 5
2 5 2 4 0
6 6 11 4 6
38 2 7 0 3
0 8 4 2 1
0 3 7 1 0
2 16 15 6 7
28 5 3 0 22
32 1 16 14 21
9 2 12 2 9
19 13 14 4 6
4 3 19 2 29
3 7 56 12 2
23 12 3 0 2
2 3 22 19 10
3 0 1 2 2
4 24 17 8 23
5 8 2 11 0
15 16 15 6 31
32 5 3 10 1
32 22 8 5 0
2 5 3 4 3
1 7 10 1 13
9 2 15 6 15
6 8 7 8 2
8 0 0 1 0
2 4 6 4 10
14 1 5 2 6
4 3 0 10 1
16 5 7 3 18
12 9 25 13 6
14 0 2 1 16
20 6 6 14 6
31 8 2 14 5
10 4 3 3 0
39 6 4 4 29
19 10 6 12 25
14 31 4 2 3
3 4 12 22 2
5 11 9 4 9
10 38 12 32 32
16 1 8 2 0
0 10 6 10 2
16 4 1 0 0
12 1 15 1 2
17 19 1 3 8
9 0 15 14 5
7 8 4 15 0
15 12 17 6 9
9 2 9 11 0
21 45 2 1 32
1 1 23 5 0
11 8 1 0 1
7 8 5 2 23
1 29 14 0 32
1 2 19 20 7
13 0 10 16 3
12 10 5 0 0
5 14 17 6 2
5 0 37 14 7
2 35 8 5 13
2 11 18 34 2
10 4 3 15 3
17 6 4 5 14
25 1 10 4 6
13 3 0 22 15
19 13 32 12 8
25 27 7 4 9
12 5 13 1 28
3 5 2 1 5
1 5 13 0 3
5 8 4 1 14
0 0 5 1 39
2 14 4 13 20
7 4 33 4 20
1 19 28 3 5
3 0 19 13 1
17 6 6 1 5
7 9 3 11 2
10 28 7 2 21
31 6 15 5 15
17 9 11 8 10
1 1 29 16 0
1 21 6 19 0
3 1 6 3 7
14 2 17 7 2
2 0 5 7 4
12 12 14 13 1
4 17 20 0 0
6 9 1 2 3
12 7 7 1 12
5 0 9 6 12
3 12 3 28 7
6 0 15 0 10
2 26 18 3 3
2 12 1 3 1
18 10 1 13 2
3 41 15 8 4
6 7 1 1 19
9 3 3 30 10
7 15 1 3 4
4 52 5 1 18
22 13 35 20 21
7 10 14 21 0
1 1 11 1 3
0 32 4 7 18
11 18 4 2 7
21 2 6 18 1
65 28 1 3 0
6 10 5 16 3
16 12 0 0 13
10 14 8 16 0
9 0 11 14 2
0 0 1 8 6
12 25 1 0 2
0 2 8 16 3
12 19 10 9 11
8 1 2 3 0
16 0 25 3 4
0 5 1 0 0
2 3 32 2 1
3 3 16 6 5
10 3 30 13 3
2 6 14 0 3
0 6 12 0 19
4 37 9 0 11
14 2 0 14 0
4 14 6 30 1
14 0 25 10 24
2 10 24 7 1
8 1 2 1 4
10 8 13 6 3
0 14 3 0 4
4 1 22 3 8
19 4 20 2 10
3 10 3 15 15
11 2 2 17 30
13 0 4 13 7
7 22 13 0 6
15 13 19 8 5
1 36 18 2 5
5 1 5 7 10
5 0 4 0 26
9 17 13 3 10
3 0 13 1 10
6 4 11 10 19
18 2 9 28 1
1 14 4 20 1
34 12 3 0 2
11 2 1 9 1
4 11 2 30 11
68 6 2 4 3
17 31 13 2 5
6 9 14 17 5
25 7 1 11 20
0 15 34 20 3
33 8 4 6 6
8 27 13 12 7
12 0 0 5 4
2 0 21 8 11
3 2 11 0 5
1 1 19 7 7
9 4 2 2 4
0 6 11 1 4
3 1 3 0 7
24 7 23 4 10
1 2 26 2 8
3 26 30 3 12
3 19 3 5 1
8 23 0 7 1
2 4 13 14 3
4 2 3 5 18
3 17 9 16 10
1 0 1 4 7
11 9 11 15 2
6 12 10 10 4
3 0 8 14 28
1 15 16 1 4
0 4 17 24 2
15 5 1 0 16
6 7 26 14 0
14 12 9 2 0
20 1 18 0 9
23 6 27 3 17
10 3 5 44 19
6 8 2 25 6
26 13 10 23 14
1 19 5 9 6
28 4 8 2 0
0 12 10 19 1
0 6 26 3 11
7 11 8 1 0
56 35 5 0 3
5 3 10 24 1
5 3 4 0 1
4 19 38 3 16
3 0 9 33 12
1 0 9 17 24
7 0 0 4 3
18 2 13 0 13
9 12 4 6 4
3 13 38 1 4
22 18 8 6 5
0 1 9 13 2
21 0 13 7 8
16 7 1 10 10
6 3 25 40 10
9 10 5 6 1
1 15 52 0 6
18 21 7 16 2
6 19 3 51 0
1 18 2 5 38
2 9 5 14 2
2 12 8 1 3
15 5 7 15 8
9 0 13 9 2
1 2 8 2 12
1 19 3 10 6
3 4 14 8 4
5 22 0 5 15
1 3 22 8 3
24 15 0 6 9
3 14 2 4 12
8 21 2 0 3
5 1 5 13 6
8 0 5 14 1
16 7 1 2 10
21 29 3 1 15
0 8 1 2 9
5 2 0 4 1
11 5 2 10 6
9 9 11 0 24
0 3 6 0 6
19 1 4 10 9
7 2 7 0 0
10 0 2 2 10
27 2 4 4 3
20 0 5 14 20
0 5 3 16 10
5 9 0 3 22
12 3 4 16 0
0 5 26 6 7
6 4 12 0 4
13 11 0 18 1
26 3 6 1 1
1 16 14 5 8
11 10 1 2 16
1 2 5 13 4
5 11 4 15 1
29 9 0 0 4
6 1 16 1 0
0 2 3 2 0
2 1 18 4 0
5 5 6 35 7
42 14 22 25 0
0 4 16 20 3
2 1 14 3 8
4 10 28 12 1
20 2 28 2 7
20 3 0 1 27
7 15 50 2 9
7 0 7 2 12
0 16 4 4 7
4 6 1 7 4
8 5 1 2 1
1 8 0 6 3
0 15 0 4 5
3 0 6 10 2
22 1 8 0 2
19 2 1 12 17
5 20 9 16 7
20 4 3 19 7
7 9 3 15 0
13 2 11 16 0
15 3 1 4 11
14 10 8 4 5
13 7 1 4 6
11 1 19 0 26
13 6 1 0 6
0 0 0 27 5
0 2 12 6 1
1 19 13 7 4
3 4 4 28 1
15 2 2 4 2
7 5 21 12 0
2 10 1 26 12
14 16 32 5 9
3 3 11 19 44
10 20 15 13 22
0 20 2 4 0
2 0 6 2 4
17 7 6 1 4
3 15 3 9 20
0 0 3 2 31
20 0 10 3 3
24 2 4 17 8
2 2 2 1 4
9 19 7 5 8
0 9 1 7 28
14 0 19 5 1
22 30 2 4 7
0 28 2 1 6
3 9 1 3 5
10 1 6 44 18
13 7 12 10 9
10 11 4 6 8
14 29 1 17 16
22 5 20 2 19
9 2 2 8 24
11 9 1 13 8
3 9 0 7 0
0 0 3 8 3
11 1 1 1 7
9 6 2 3 19
28 0 0 0 3
13 15 0 9 3
19 0 15 6 16
2 4 33 10 44
15 1 19 9 5
4 12 5 10 7
3 0 2 5 26
11 0 17 7 14
9 4 11 4 13
2 20 4 5 0
0 0 3 15 0
11 11 37 16 9
0 1 12 8 0
6 10 1 7 1
12 0 14 6 1
2 5 31 9 5
2 23 1 5 7
4 3 4 13 8
30 4 2 6 0
2 16 21 17 2
5 0 6 2 9
2 14 8 1 8
2 6 1 14 16
1 12 10 5 3
2 5 39 21 16
0 3 11 1 5
6 20 2 15 4
7 4 5 0 22
10 16 12 17 1
7 1 2 2 4
5 3 17 29 17
23 1 16 31 4
1 34 3 9 10
10 4 26 5 8
37 3 4 3 7
19 0 6 8 8
6 1 2 4 1
5 9 1 13 9
7 3 3 1 13
2 2 14 3 2
3 17 11 8 2
1 3 12 40 1
6 1 2 38 15
12 22 0 9 22
0 0 8 4 1
12 29 4 4 6
1 35 2 1 3
0 7 11 5 9
11 13 2 16 8
1 2 0 2 32
9 22 4 1 8
7 11 8 12 1
0 24 2 3 3
1 5 3 1 6
3 8 11 5 44
1 4 1 10 0
36 3 3 2 6
0 0 7 3 14
18 31 4 5 5
3 5 9 14 4
3 5 14 2 3
25 6 9 1 10
9 1 4 6 18
28 9 40 9 3
7 19 4 1 4
7 8 23 13 8
5 15 3 21 8
5 5 12 2 21
4 4 7 9 6
3 25 5 4 12
10 2 15 27 33
4 8 0 5 0
11 5 8 4 12
21 10 2 4 5
8 7 10 21 8
13 1 1 18 3
2 10 3 2 2
5 11 2 2 1
23 2 28 4 21
17 9 1 15 15
19 22 21 1 12
17 5 18 6 29
3 13 8 11 15
3 6 10 1 10
14 7 0 1 20
8 1 9 16 2
7 12 11 0 1
0 2 28 2 2
0 10 3 8 4
3 2 6 21 20
6 4 2 2 6
0 2 16 3 2
0 11 4 3 6
1 7 3 17 4
3 4 30 9 28
10 8 0 6 7
9 8 18 7 8
6 1 39 9 3
6 0 29 3 15
0 2 14 9 8
3 3 4 19 17
21 1 6 2 3
17 3 3 10 15
1 4 5 2 1
3 20 0 8 22
10 18 3 5 12
9 12 2 12 2
3 19 2 4 14
10 13 37 13 1
6 4 2 11 9
2 1 19 15 5
21 7 6 29 21
10 5 1 1 0
0 7 12 39 6
23 1 0 2 2
3 6 3 0 11
20 0 2 12 8
1 28 2 12 10
0 1 3 4 6
8 1 3 3 0
11 11 1 5 0
36 2 6 6 6
9 35 9 0 4
1 3 17 11 0
17 13 12 11 4
0 4 0 5 2
0 13 5 7 2
3 20 0 0 12
8 21 6 4 0
1 3 18 6 0
27 6 12 2 1
8 11 28 1 3
37 9 1 2 15
22 1 2 2 5
6 3 9 6 18
6 1 2 17 0
1 12 1 5 8
9 3 6 12 3
11 1 9 2 2
9 3 2 10 4
35 4 11 24 4
2 3 7 9 0
5 13 14 14 0
5 1 1 0 3
7 13 7 5 15
3 8 4 6 14
2 1 0 23 7
2 10 4 23 1
20 7 6 13 3
1 17 5 7 7
3 12 30 16 28
11 0 0 3 4
19 1 1 12 8
1 0 6 3 17
25 4 6 13 16
49 7 0 3 6
1 9 0 10 12
33 17 3 12 14
0 30 1 5 12
0 13 9 8 5
26 12 44 17 2
18 8 0 28 9
2 24 15 5 1
7 9 1 1 1
9 7 18 0 1
3 7 6 24 10
4 6 10 2 26
1 4 30 21 8
0 2 8 8 1
2 0 56 5 10
8 6 1 0 1
4 2 7 6 11
15 19 1 4 0
40 50 8 2 0
2 11 4 25 10
8 4 8 2 1
4 23 6 10 13
2 10 18 6 15
5 1 8 5 9
1 11 7 3 8
3 1 10 2 11
16 1 20 17 32
3 0 0 3 20
4 4 2 0 15
3 3 12 19 9
0 4 14 6 6
8 19 1 17 0
3 2 20 3 6
3 4 4 12 2
17 16 15 17 0
8 0 7 1 19
0 0 10 2 1
2 9 3 8 3
16 5 1 7 0
21 3 4 4 22
3 2 7 16 5
2 0 3 2 16
0 31 2 6 26
16 5 12 5 2
8 6 0 5 14
10 4 13 1 20
21 32 0 7 7
1 1 7 0 10
1 1 10 10 1
17 11 5 10 0
2 12 10 13 17
9 5 6 2 20
0 4 4 25 3
2 6 1 7 13
7 5 3 2 0
0 3 2 45 1
10 13 11 4 30
1 21 4 4 16
0 3 4 0 23
7 11 2 22 6
5 1 3 1 4
6 9 15 5 44
21 9 1 13 30
9 31 0 18 2
4 15 23 8 18
10 43 4 0 10
21 3 3 6 4
11 0 6 10 29
2 10 4 4 8
16 3 3 0 2
3 2 3 1 5
4 14 4 29 3
1 1 23 16 0
1 30 19 0 1
1 5 5 39 4
9 3 2 8 7
7 2 9 7 8
4 7 7 3 6
3 18 3 7 29
3 7 4 25 13
3 8 11 0 1
18 5 2 15 13
1 3 0 3 4
4 11 1 27 3
6 9 17 11 2
4 9 16 3 2
8 10 26 5 2
0 24 4 4 5
3 8 38 1 14
3 3 16 0 46
23 10 20 1 1
23 10 20 1 7
7 4 18 1 1
6 2 3 15 33
2 3 0 6 1
7 9 19 13 10
0 37 9 4 36
5 5 0 13 8
13 1 18 9 15
7 5 1 1 1
5 16 11 6 16
0 10 11 36 1
7 17 3 4 40
11 12 21 0 4
13 2 0 27 14
0 7 2 0 14
11 12 7 5 10
0 28 4 1 3
12 10 5 5 5
1 55 37 2 11
4 8 16 2 15
17 5 4 0 0
7 0 0 12 10
4 0 5 2 2
0 3 9 1 15
4 28 14 3 4
1 7 39 14 5
0 0 16 7 14
4 6 4 11 7
38 0 21 3 0
25 2 5 3 18
2 9 7 33 24
0 0 0 27 3
27 6 43 3 1
8 13 1 11 4
0 0 0 13 4
1 10 0 39 0
17 3 0 2 12
58 12 12 16 8
12 4 5 8 22
35 3 3 1 8
5 0 9 12 3
26 8 2 9 7
15 4 15 5 1
2 1 3 5 1
0 48 0 0 22
8 2 5 22 6
12 3 3 2 0
6 6 3 5 6
7 22 1 3 15
11 2 3 1 5
2 4 12 2 9
0 17 13 3 1
8 17 4 5 6
6 12 7 3 2
7 14 10 4 4
0 14 20 6 4
4 2 4 8 0
2 37 4 2 8
15 24 3 22 8
4 0 27 7 5
7 0 3 7 6
0 13 8 3 17
4 5 4 6 1
28 3 9 2 0
6 34 14 2 13
0 3 24 10 12
25 19 7 1 27
7 4 1 4 0
15 1 12 0 1
10 5 10 0 3
6 3 14 5 10
2 0 3 14 29
6 20 5 24 5
6 0 0 5 21
2 10 3 13 18
7 8 0 8 39
6 11 5 10 0
20 12 20 5 3
18 0 7 1 23
9 5 15 2 5
4 39 11 0 9
24 5 2 9 4
15 7 1 5 12
10 7 0 8 8
1 21 1 1 5
4 0 2 8 2
18 20 6 19 0
1 3 29 17 0
21 6 5 1 0
8 1 27 0 4
2 12 7 11 14
3 2 1 21 17
0 1 13 9 0
12 1 5 13 12
2 2 15 26 5
19 20 1 8 2
1 11 0 9 2
2 15 11 18 3
11 4 6 13 9
1 11 6 1 17
2 12 4 7 0
7 38 1 9 0
3 2 11 5 58
6 0 17 18 8
1 4 1 21 4
7 3 0 19 3
7 37 14 3 1
32 1 3 32 1
30 14 16 48 12
25 7 1 7 2
27 5 6 18 13
5 2 6 5 9
9 8 11 6 2
4 3 13 22 14
27 1 8 10 2
7 2 0 19 13
17 15 2 1 11
39 4 1 6 30
1 0 18 8 9
2 19 16 1 8
0 4 1 8 0
0 1 1 9 3
31 1 7 1 1
10 8 6 20 1
4 19 24 21 1
21 6 11 10 5
8 12 8 37 7
1 1 6 7 3
0 15 5 21 3
5 11 2 5 3
3 8 0 4 6
1 3 5 16 17
10 1 1 4 19
24 9 2 4 15
2 26 4 2 25
9 6 2 7 4
4 9 0 17 29
5 0 35 27 2
1 50 1 21 8
3 0 12 2 7
5 4 1 6 6
0 3 16 16 2
9 9 4 8 6
0 10 6 24 2
6 16 9 0 4
16 3 1 3 4
4 14 0 17 3
0 3 3 5 1
6 3 4 22 0
2 3 2 10 2
4 1 13 3 1
1 0 0 4 9
15 12 5 6 15
8 18 8 1 15
25 6 9 5 11
37 3 11 16 5
5 18 2 13 20
10 2 22 6 8
11 8 9 34 10
17 22 7 2 2
1 2 30 3 2
19 6 4 5 1
1 8 4 29 2
7 16 1 15 3
4 3 5 6 3
11 27 8 0 15
6 3 3 1 2
1 6 3 10 3
2 31 14 2 6
7 3 21 5 7
11 18 7 1 11
12 53 6 2 0
2 0 2 13 0
10 3 2 1 11
1 13 12 1 3
10 6 4 5 17
2 1 1 6 19
4 21 0 13 1
29 4 8 4 1
1 0 31 27 1
0 2 1 0 15
2 5 11 4 2
0 11 4 2 3
0 16 18 23 14
14 12 21 10 8
12 24 1 11 2
16 20 2 26 25
23 7 23 3 16
6 1 10 6 12
8 2 15 13 11
8 1 13 3 4
5 9 2 10 10
1 8 22 5 7
14 9 4 3 5
1 12 9 23 9
11 37 13 6 17
18 11 14 2 1
4 12 5 0 2
7 3 13 11 13
0 15 9 32 14
1 3 7 11 16
5 0 32 8 4
2 16 5 6 8
2 16 6 0 31
17 4 10 18 2
10 4 14 12 0
1 0 3 8 8
10 9 17 5 2
1 4 10 8 15
36 0 29 3 25
0 8 0 15 0
11 16 48 9 1
12 30 2 12 1
8 15 3 14 3
24 4 6 0 5
3 0 27 8 5
4 3 6 15 35
1 9 13 7 12
3 0 19 6 2
2 11 1 5 0
31 2 15 1 2
3 10 22 2 20
7 19 0 0 11
11 1 20 2 17
2 7 4 15 13
5 12 17 5 1
4 6 10 40 14
5 5 2 1 15
4 7 21 30 11
18 7 11 22 8
3 1 0 8 7
27 0 21 12 2
8 4 7 3 4
2 23 6 2 7
0 12 7 0 22
4 1 4 3 1
31 17 4 18 2
12 2 5 4 2
0 6 2 3 7
9 27 2 5 14
9 6 13 3 0
27 2 1 2 6
1 27 10 0 8
4 5 14 9 21
5 1 22 0 11
1 22 12 23 28
2 0 32 2 3
7 8 12 4 14
1 3 10 1 0
1 14 4 4 17
7 4 9 17 1
1 0 12 3 12
9 4 3 18 46
10 10 0 1 30
22 4 13 24 23
2 2 2 2 0
11 1 1 11 4
3 11 4 8 11
9 3 6 12 13
5 12 0 9 2
6 7 12 23 3
18 40 0 5 3
0 1 13 1 4
2 15 12 15 3
25 20 4 38 9
15 1 15 3 0
2 15 4 19 15
26 25 18 4 5
9 0 1 4 2
13 1 16 19 6
7 6 0 6 17
5 5 23 6 19
9 10 12 12 9
12 2 16 7 6
12 11 1 9 12
14 11 7 0 4
6 14 11 8 1
2 2 12 30 0
5 13 3 3 6
1 5 1 12 10
18 11 18 7 16
2 21 32 0 23
3 1 2 1 2
24 5 2 11 34
7 1 0 0 0
19 21 18 12 6
1 4 21 5 12
12 8 1 4 7
6 2 13 4 10
17 7 10 12 17
0 7 4 10 32
10 4 1 7 2
4 4 2 9 5
9 39 5 8 5
4 0 16 2 0
3 14 30 2 17
3 4 3 15 14
28 6 5 1 3
3 4 9 3 1
3 3 14 1 20
2 1 0 6 2
2 27 4 2 15
3 12 6 3 1
2 7 9 5 2
1 3 20 18 6
4 24 7 21 8
9 10 27 7 3
26 10 6 22 8
1 8 5 8 10
0 3 3 0 22
16 24 2 3 9
3 1 16 40 3
8 1 31 3 32
18 2 8 5 1
16 20 2 9 37
3 0 2 0 8
7 35 25 7 2
5 1 18 10 1
3 0 10 4 8
3 0 12 19 2
10 1 18 26 0
12 1 14 4 14
3 24 1 0 7
16 8 8 1 1
26 5 4 7 9
1 28 2 20 30
3 20 3 5 4
21 9 0 10 1
11 18 36 14 1
22 10 24 0 13
6 21 47 4 0
0 11 12 7 9
19 8 1 5 2
31 11 6 4 2
21 7 6 1 10
1 6 13 6 6
23 1 14 21 4
23 37 0 23 16
4 5 7 15 1
1 2 7 14 3
5 17 0 35 4
0 12 1 9 44
11 1 3 26 9
7 13 3 15 6
10 10 5 10 0
15 12 10 1 0
5 18 20 3 10
3 18 11 2 16
1 14 2 5 8
20 8 7 9 53
25 3 1 12 8
1 14 3 3 0
19 5 2 20 14
34 4 14 9 10
2 3 23 15 5
23 0 13 7 15
6 19 13 4 7
6 9 17 5 11
15 1 22 6 9
17 13 23 3 10
15 0 2 0 5
11 11 8 12 1
21 1 4 11 16
7 15 0 9 4
4 13 5 6 13
27 25 7 11 14
3 0 0 3 1
7 7 0 1 2
32 1 23 18 16
48 9 3 14 11
0 12 8 58 13
6 27 13 30 1
1 25 6 1 6
5 3 6 3 3
13 16 0 3 0
2 5 0 2 7
6 1 1 1 15
4 19 0 3 15
1 5 4 0 50
2 7 1 31 3
9 3 11 10 11
23 1 18 42 1
1 1 18 3 6
1 5 3 10 9
17 10 8 14 1
0 0 6 5 27
34 2 6 2 5
2 0 18 7 0
13 9 4 10 0
21 4 2 0 2
11 2 3 1 29
22 23 3 20 8
41 6 0 26 3
1 12 5 11 2
0 7 1 4 19
5 8 0 0 2
12 28 29 0 0
4 4 33 5 29
13 28 6 2 22
13 13 2 3 1
3 7 1 10 4
0 6 8 53 6
1 7 9 7 1
5 17 2 4 27
15 39 20 21 25
21 5 1 5 8
13 6 5 3 8
11 38 10 0 3
29 7 25 11 10
0 2 1 3 8
1 10 10 19 2
4 0 3 2 12
12 11 10 9 18
10 0 2 4 4
32 7 7 9 22
12 1 14 0 4
6 45 0 14 38
0 10 7 2 20
9 4 0 1 3
19 15 5 8 8
30 13 2 2 1
9 3 1 3 0
8 7 11 17 35
1 9 1 0 0
16 43 5 9 3
1 15 1 1 19
4 6 8 9 1
17 37 7 12 4
9 0 0 9 0
11 8 15 10 6
2 2 1 4 8
1 4 3 15 7
0 6 2 0 6
5 14 0 10 30
34 1 8 13 19
2 25 15 8 5
7 3 2 10 0
1 2 3 1 0
4 4 0 1 2
6 5 4 1 10
30 3 3 5 8
0 11 25 12 13
4 3 7 16 10
14 3 11 6 2
15 2 10 4 0
16 6 13 13 7
4 0 5 2 1
9 13 34 4 0
11 3 7 18 5
5 42 0 16 34
10 30 7 0 4
7 0 25 27 17
0 1 7 3 2
6 8 17 0 20
5 5 15 23 1
8 2 1 11 3
7 5 3 33 0
29 0 14 0 5
7 0 28 7 3
1 7 4 32 25
2 4 17 37 28
12 25 4 25 5
18 0 38 8 0
1 8 0 5 22
5 8 10 7 2
0 19 37 1 9
11 3 1 3 13
14 16 1 0 5
1 13 2 7 4
14 6 7 20 3
15 2 2 12 11
0 34 10 3 14
8 13 0 17 12
0 54 13 7 4
8 5 0 6 47
8 7 3 4 1
11 7 0 5 6
11 7 1 7 2
16 1 0 2 7
0 0 16 0 0
8 4 11 8 1
21 14 24 1 3
0 7 4 13 3
19 3 3 9 6
16 15 16 21 3
21 0 12 1 13
15 8 3 10 1
4 2 13 10 3
0 0 27 26 5
8 8 8 0 17
1 9 5 8 6
21 0 34 1 4
3 1 1 7 8
18 3 36 1 11
0 11 15 28 21
14 6 23 98 32
0 11 16 53 9
5 9 5 15 2
8 5 7 22 6
0 0 0 20 23
21 3 0 40 1
21 0 12 3 28
7 0 13 5 0
37 0 11 19 18
9 17 2 12 10
7 0 27 17 4
6 2 13 5 3
4 3 22 9 12
12 24 1 18 1
2 15 22 19 22
1 6 12 0 0
7 11 6 20 15
1 37 3 1 11
8 10 9 0 14
6 2 12 7 12
7 5 12 28 2
0 32 5 4 1
21 5 1 4 20
12 12 7 16 9
17 41 2 5 1
2 3 36 6 16
4 2 15 23 18
4 2 10 1 7
0 3 10 6 0
0 7 25 3 4
0 1 11 13 0
19 15 5 0 6
12 15 15 8 3
3 24 5 1 3
0 23 2 5 6
5 5 8 24 2
5 0 0 20 1
4 5 4 55 0
3 9 12 16 48
6 2 3 6 8
9 10 10 2 12
10 38 0 11 6
4 12 2 2 2
2 17 15 2 22
10 7 11 15 6
14 8 32 3 10
7 18 30 13 2
3 0 25 6 1
12 4 1 9 20
4 7 0 6 10
5 26 7 3 5
8 0 18 20 5
14 0 19 10 20
5 10 2 3 6
6 42 5 2 12
0 17 8 0 2
4 5 1 3 0
10 1 11 2 4
1 12 24 2 2
14 13 7 3 10
2 10 2 0 0
10 3 17 15 0
10 1 4 18 8
37 8 11 14 3
5 1 2 12 2
5 26 16 14 9
16 6 2 5 12
1 15 3 4 24
4 6 8 3 2
4 20 30 11 0
0 2 20 12 3
15 5 9 4 8
17 6 1 0 1
18 18 20 10 10
4 15 6 3 16
3 13 3 4 13
2 15 15 4 0
1 0 0 3 1
0 14 5 16 5
19 4 18 30 8
1 0 18 3 16
12 6 5 21 6
19 2 18 5 8
3 5 8 1 1
18 43 0 1 32
1 3 3 5 7
4 7 10 6 12
6 3 9 4 10
17 1 4 25 2
1 12 1 20 9
5 11 1 4 1
38 4 3 2 0
12 0 16 7 0
17 1 30 6 39
2 16 3 5 0
17 0 6 40 17
1 11 17 3 7
11 7 19 1 7
1 1 10 14 7
4 16 20 16 6
1 7 2 16 28
8 2 20 7 14
40 11 15 8 2
16 6 6 2 36
13 11 0 6 0
5 26 0 1 8
12 2 3 4 21
25 14 6 4 15
1 11 4 7 15
0 0 7 1 21
2 4 0 2 8
2 2 16 1 1
10 0 50 13 1
14 5 1 10 6
9 5 0 42 36
1 5 6 18 8
32 5 0 5 4
5 0 13 5 0
14 7 0 5 0
39 15 0 7 19
15 14 12 3 21
11 6 11 12 13
10 4 22 5 0
24 11 0 5 3
3 7 0 27 15
2 10 3 30 3
18 7 12 4 17
0 1 7 9 1
1 8 38 5 3
17 14 6 11 16
2 4 11 25 3
4 7 8 1 0
10 0 6 6 12
21 0 9 14 14
14 2 8 11 4
0 2 11 2 4
2 9 12 9 39
2 0 12 11 3
26 5 1 16 29
13 1 53 2 3
19 3 12 9 18
12 0 16 13 3
0 16 16 0 4
20 4 0 17 0
2 3 1 1 6
4 22 7 11 11
3 1 3 8 7
0 0 15 5 5
10 11 1 0 3
0 17 6 16 7
21 6 4 15 26
21 1 6 7 13
5 9 31 1 3
15 29 1 7 13
6 3 1 17 0
5 1 4 2 8
1 11 1 13 22
5 0 14 0 1
3 9 1 5 5
27 25 14 24 4
21 24 25 9 8
10 15 4 1 2
0 2 22 5 14
8 3 1 0 19
2 14 30 1 12
6 22 11 0 5
2 4 3 5 4
1 7 1 8 14
12 3 6 28 18
3 6 10 6 1
40 10 3 4 17
8 9 2 6 7
18 3 0 6 2
19 0 1 26 8
17 10 20 8 5
17 5 2 19 41
10 4 15 13 37
6 1 16 4 7
18 15 0 39 4
8 15 4 23 8
1 15 6 15 30
11 1 6 2 38
0 1 1 19 10
23 6 12 4 3
6 12 18 7 13
20 2 1 14 2
14 6 12 3 0
2 15 10 8 2
1 2 2 1 20
6 15 4 0 2
4 17 14 6 0
2 16 7 10 13
0 6 1 21 0
5 13 1 1 2
4 13 16 42 14
6 13 5 2 16
0 13 8 33 9
0 3 0 7 14
5 12 10 12 0
4 8 15 8 7
1 23 36 4 3
5 20 13 8 13
6 12 31 13 0
35 8 3 3 15
23 5 3 1 7
0 1 1 0 18
30 3 0 14 1
12 9 2 10 17
6 9 0 13 5
5 0 1 15 0
7 15 17 8 2
4 7 2 2 0
25 39 6 0 21
2 1 7 14 6
10 1 42 3 5
1 1 2 0 18
1 6 2 7 0
1 31 10 3 3
11 9 19 5 16
7 1 8 7 15
5 18 6 7 12
10 2 4 0 1
1 5 10 2 15
3 5 4 17 21
2 10 15 0 23
25 3 15 13 18
90 9 4 4 0
0 6 24 4 27
11 1 4 4 1
39 10 24 2 14
5 1 0 11 6
5 4 3 17 0
7 0 7 8 22
0 2 8 2 8
6 4 14 4 1
4 1 34 6 10
7 12 5 12 2
1 17 19 27 2
4 22 8 2 5
0 5 14 21 10
3 0 25 3 1
4 25 0 3 5
16 1 14 28 14
13 1 3 20 26
8 2 1 18 14
11 0 15 12 16
8 6 1 8 12
3 17 11 1 3
11 9 0 0 22
28 9 13 9 12
15 3 5 18 7
4 6 2 37 3
0 19 1 7 2
14 29 2 1 3
2 0 1 2 3
4 14 22 4 6
5 26 1 0 8
2 33 2 1 1
11 25 1 10 1
4 7 13 1 4
1 6 0 8 11
15 11 10 4 8
1 4 2 25 25
0 2 1 15 23
23 3 0 7 1
1 2 0 11 18
5 11 4 8 12
6 3 3 4 3
9 2 0 2 9
0 6 50 8 0
10 10 1 2 7
0 16 13 3 4
3 2 10 28 10
0 13 6 22 7
44 17 4 3 22
18 5 0 0 2
23 1 0 4 2
9 7 6 12 9
17 41 3 15 11
3 8 18 7 0
2 10 14 7 3
16 3 10 6 3
6 1 3 101 2
3 9 12 1 0
1 9 35 21 0
8 9 9 4 3
1 19 19 19 6
9 4 46 3 12
1 16 27 16 2
1 5 33 7 45
11 3 4 8 29
4 2 4 4 3
13 2 30 0 1
9 1 5 5 27
9 13 0 3 1
10 6 23 0 3
3 9 2 0 14
3 8 0 6 2
43 12 5 3 1
33 6 26 10 3
27 15 11 17 1
0 5 9 39 13
1 14 11 22 3
9 11 4 39 2
3 15 0 1 27
14 5 13 19 5
6 2 7 5 1
6 10 0 12 17
3 11 2 0 18
13 0 4 1 15
15 8 13 2 18
0 4 1 2 33
11 14 1 19 0
12 32 14 17 26
1 4 8 0 0
4 0 17 4 4
6 0 1 7 25
11 1 37 0 8
12 0 3 1 11
16 8 26 8 1
13 4 3 6 9
7 24 6 3 8
9 4 1 1 21
20 24 1 22 1
7 3 8 6 24
8 2 10 1 31
8 17 3 15 0
1 12 12 8 2
7 3 4 11 2
0 10 3 18 18
0 11 1 6 7
0 21 20 3 11
2 4 3 21 59
0 5 4 10 2
0 8 3 3 10
0 16 0 21 55
7 28 5 3 8
10 4 12 10 1
7 9 20 14 6
1 11 21 12 17
7 0 0 2 2
7 7 0 4 20
8 6 6 0 9
0 10 0 8 0
0 4 6 11 5
14 12 2 1 13
10 33 16 29 8
19 5 0 31 17
1 2 7 3 17
8 14 23 4 29
3 7 1 2 19
4 12 8 4 12
8 4 0 8 40
9 15 11 3 2
0 12 27 4 2
0 1 9 1 17
1 0 1 4 2
2 5 0 3 14
1 3 1 4 3
22 31 3 0 6
5 22 29 16 6
12 23 8 11 8
14 8 26 3 18
4 11 14 14 1
13 8 5 19 8
2 16 20 0 1
7 32 10 16 3
12 2 9 4 1
2 42 25 17 16
18 4 9 0 11
3 22 15 4 2
9 2 21 4 10
8 14 9 4 8
2 0 9 0 0
10 18 15 12 0
1 30 8 12 7
17 6 3 4 2
0 1 33 5 4
12 2 19 2 1
5 5 2 24 16
6 11 3 0 1
4 22 5 0 24
3 7 7 0 8
55 2 29 2 17
2 6 0 9 7
3 4 17 13 22
1 8 18 0 14
0 7 10 2 1
5 5 6 7 1
14 19 3 9 6
3 39 4 5 20
9 3 5 2 4
9 9 1 1 11
3 37 7 7 11
13 1 1 9 10
29 2 2 0 4
13 9 12 8 6
6 5 8 5 1
5 9 0 6 16
0 2 25 24 4
14 9 6 8 9
1 0 1 14 19
2 3 20 10 8
12 9 2 2 1
2 5 2 9 0
12 22 5 1 9
22 13 4 0 18
4 3 16 4 13
12 0 0 3 9
13 19 1 0 0
11 33 13 3 0
14 17 9 24 0
15 21 6 5 5
9 0 17 8 2
5 6 12 18 7
25 6 7 10 6
20 2 4 2 2
20 8 6 7 2
5 5 1 9 14
17 2 11 5 0
19 2 4 9 3
30 9 5 4 19
1 3 9 23 5
7 4 46 0 6
3 19 5 11 9
7 4 15 4 12
5 7 0 17 2
4 23 43 1 1
3 0 1 1 12
14 3 2 11 13
17 7 12 12 3
4 11 0 1 6
2 0 26 8 3
8 20 2 43 0
5 11 0 1 12
39 1 1 0 9
1 22 23 0 20
2 4 15 21 28
8 3 3 4 12
18 23 1 6 12
0 0 5 2 1
2 2 18 9 14
1 7 0 47 1
6 6 7 2 9
23 21 7 9 3
17 2 14 13 3
40 4 0 8 2
11 18 8 7 0
1 14 0 12 1
8 3 0 0 25
5 4 2 10 8
12 1 1 7 29
2 9 1 6 1
3 3 12 14 0
2 7 12 21 14
39 1 2 10 5
0 7 0 9 7
6 0 0 1 2
14 8 4 2 26
4 3 20 12 5
1 13 20 22 15
2 19 42 11 13
17 18 14 4 25
8 0 0 3 1
6 2 3 9 2
1 1 0 8 4
7 1 3 24 9
7 0 1 3 7
6 3 13 2 8
11 8 5 8 0
1 13 13 13 17
13 5 3 1 13
19 8 30 7 1
5 2 10 9 4
6 23 0 8 7
2 0 3 1 19
7 0 4 5 3
12 18 63 20 5
7 18 4 3 0
18 13 33 8 0
11 5 4 12 0
9 1 24 6 10
49 11 3 0 3
1 4 2 3 12
4 1 10 11 16
17 6 1 27 16
13 17 1 3 2
10 10 11 4 4
10 7 1 12 17
4 3 2 7 15
9 1 5 0 1
10 15 1 15 4
2 11 9 10 12
20 1 8 28 13
21 50 7 8 17
14 5 9 7 1
4 13 3 2 15
39 11 16 40 11
4 2 16 7 2
38 8 4 4 16
3 10 1 3 11
16 4 0 0 4
7 1 2 19 0
0 1 1 9 1
2 5 18 19 1
14 8 24 13 0
7 14 9 6 33
33 0 1 8 23
3 1 10 9 1
5 2 8 1 0
12 3 6 6 0
19 10 11 12 1
1 5 10 27 11
4 15 1 9 0
10 26 5 1 4
3 23 3 20 3
1 13 5 0 0
5 4 48 4 4
3 1 27 4 1
7 18 7 14 25
9 3 14 10 32
7 14 1 16 7
11 17 1 10 8
13 0 17 0 7
18 12 1 1 6
1 20 4 9 0
12 13 1 2 21
0 4 4 27 4
49 7 4 14 0
10 10 2 3 5
2 2 8 2 24
60 3 18 10 6
0 14 11 10 23
10 0 6 1 0
7 3 4 7 13
2 3 8 0 17
3 3 10 0 0
16 0 10 12 27
13 32 17 0 3
5 10 9 20 4
2 1 9 7 10
1 8 0 0 16
7 4 1 1 0
25 7 0 19 8
22 0 18 19 8
6 7 7 8 3
8 14 1 3 16
0 0 12 7 8
3 4 2 6 7
10 5 1 19 2
7 3 5 1 27
23 3 2 22 19
5 5 4 6 5
12 13 11 2 13
22 38 13 17 4
14 28 1 19 6
31 35 0 17 16
16 1 8 0 11
2 3 7 11 30
15 10 6 2 27
5 9 2 5 2
1 5 5 0 1
1 0 1 4 7
13 4 9 6 5
0 27 4 3 2
5 9 1 3 6
15 0 3 18 6
8 5 1 6 19
1 74 15 6 14
3 4 22 2 6
9 20 16 1 6
18 3 27 20 2
2 10 10 4 28
5 1 34 8 17
9 3 13 11 4
17 16 11 18 2
3 0 2 18 1
4 1 8 9 5
2 11 9 14 0
8 3 11 5 4
7 6 14 0 10
7 13 1 1 1
10 12 11 2 2
40 0 5 11 2
1 3 14 41 5
0 1 6 8 9
13 18 7 17 11
1 1 6 0 1
7 2 0 12 4
14 13 13 22 5
5 3 11 6 3
4 16 14 10 2
12 11 19 11 3
6 15 13 35 3
5 13 1 7 7
20 0 2 8 12
25 23 3 3 1
66 1 32 10 8
14 1 10 9 13
0 0 0 16 2
21 3 15 9 15
6 3 8 3 7
15 3 71 13 3
8 7 3 5 1
10 11 9 5 41
16 0 9 22 13
7 1 0 1 4
2 3 1 3 18
45 3 43 0 4
13 4 3 5 6
7 15 15 1 19
13 10 6 16 7
17 2 4 13 4
13 12 14 31 2
5 7 9 1 12
4 20 38 8 4
5 10 3 49 5
4 16 1 6 1
11 0 0 12 3
1 2 4 9 19
6 11 11 23 4
13 12 17 13 12
22 8 5 4 2
9 10 5 26 19
2 47 9 14 40
29 8 10 7 15
16 0 8 6 19
11 1 6 12 4
4 2 5 17 46
6 0 5 4 19
17 20 2 9 0
0 33 9 1 7
6 6 3 33 2
2 7 2 4 0
1 9 1 8 0
1 0 10 1 41
4 14 2 8 5
7 20 0 0 2
27 6 5 3 11
10 16 0 9 5
0 9 11 22 1
17 13 10 6 14
1 0 2 30 12
16 14 8 6 11
2 10 12 2 17
15 1 4 0 2
1 2 22 7 0
1 1 1 7 12
1 1 4 4 3
9 17 11 12 4
24 12 1 7 15
5 7 21 24 7
0 0 8 7 3
8 0 0 3 12
16 7 5 4 16
1 19 2 7 7
7 6 1 7 6
10 8 2 0 15
0 12 8 0 2
1 0 4 18 0
22 27 2 2 2
18 5 17 9 3
14 5 20 5 20
0 0 2 3 4
22 21 48 22 11
4 33 74 3 48
25 0 12 9 8
12 3 0 0 2
0 0 15 23 3
4 22 6 1 0
3 18 12 32 4
1 18 3 8 8
7 7 23 17 0
30 10 0 6 14
7 5 9 7 2
22 21 1 4 5
5 4 2 19 23
7 2 7 0 0
0 2 11 12 6
4 6 1 32 5
11 8 9 0 8
14 4 2 11 5
32 24 0 12 23
4 5 7 7 4
22 9 12 3 6
8 7 8 1 9
26 6 2 10 13
16 9 18 2 8
2 12 1 2 8
0 17 14 1 6
22 37 11 14 2
2 22 5 11 11
8 3 17 12 11
34 3 11 13 1
9 8 0 4 7
1 1 49 0 12
9 6 2 1 6
1 15 10 6 19
18 18 21 0 9
4 1 1 13 1
6 21 19 26 21
0 17 12 5 2
34 11 34 6 3
1 7 7 2 0
39 7 6 3 5
0 8 2 24 7
1 35 1 2 3
12 3 3 7 5
0 5 0 11 1
2 16 16 4 10
1 15 2 10 2
2 2 7 0 37
0 21 3 15 19
6 9 3 18 9
3 4 6 16 7
3 6 11 26 13
6 14 3 13 14
5 2 0 8 68
5 8 16 2 17
5 8 0 21 31
0 1 7 1 7
2 0 5 2 5
10 10 28 13 11
6 14 18 5 1
13 8 4 26 18
0 10 4 8 0
3 5 7 11 1
7 14 10 9 0
8 1 59 9 11
2 5 1 16 2
3 4 11 5 2
6 1 9 20 4
29 17 16 2 21
4 6 6 3 3
5 5 12 7 5
5 27 15 3 9
3 21 2 3 2
6 7 3 1 11
16 9 20 3 6
0 2 3 9 2
10 12 44 10 2
4 0 2 3 3
9 10 0 13 11
0 6 9 8 1
15 2 12 8 2
20 7 2 2 0
0 1 1 7 5
5 0 3 3 2
11 6 4 14 9
8 4 13 3 2
45 30 2 1 2
7 7
