1 16 3 12 20
1 0 9 16 4
11 14 5 0 18
5 5 4 19 0
4 3 8 0 14
0 4 3 23 2
7 3 4 1 4
14 2 6 17 17
8 22 4 7 1
5 7 48 3 0
9 15 16 13 0
5 9 1 6 16
27 2 3 5 15
17 22 2 0 6
3 3 2 26 21
2 0 13 19 14
27 0 2 3 8
11 0 48 12 10
2 5 77 20 59
6 10 10 4 1
1 41 3 1 12
18 3 23 7 11
7 0 1 0 9
4 3 1 3 1
5 3 6 22 14
21 9 2 1 2
7 8 14 10 5
6 17 7 7 1
40 0 15 5 10
15 3 13 4 22
8 2 12 7 1
0 8 19 3 2
1 2 13 1 3
1 4 14 16 8
12 1 6 4 20
15 1 23 17 5
3 6 3 1 23
0 11 1 2 18
9 4 9 12 10
11 4 9 26 2
8 5 5 9 6
0 2 11 5 3
7 2 23 14 17
14 15 3 13 7
3 6 4 8 0
4 21 7 3 3
3 0 4 16 17
0 3 7 1 5
11 3 4 12 4
5 18 3 12 10
9 2 10 5 2
12 2 10 16 14
2 27 8 11 16
12 10 9 5 2
3 12 1 6 3
2 1 4 0 0
16 3 12 20 0
4 1 10 4 10
0 3 22 0 4
2 8 0 11 4
5 6 1 10 5
21 5 4 0 0
2 2 30 4 8
2 7 1 10 8
20 41 19 11 0
3 1 7 1 9
2 0 19 1 9
7 1 4 37 5
6 10 1 13 20
29 9 34 1 1
6 0 55 46 0
0 11 7 43 18
16 14 16 19 2
12 2 3 4 16
5 0 34 0 8
15 12 1 14 10
2 0 20 0 0
6 32 0 11 1
0 0 19 16 0
10 2 0 10 3
1 22 0 5 0
41 13 25 38 8
3 5 14 1 0
24 6 5 7 1
0 0 12 4 19
0 6 1 2 13
5 9 4 12 1
2 1 19 29 5
10 5 9 13 6
21 28 1 5 9
5 4 11 1 13
18 8 15 12 5
3 8 2 7 1
2 2 1 14 11
39 1 9 1 1
4 2 4 23 32
4 20 4 13 5
25 10 8 4 3
32 5 5 9 9
6 0 0 9 19
3 1 0 4 0
2 19 5 16 29
6 5 4 2 26
2 2 2 5 4
7 3 16 35 35
0 2 14 2 9
12 12 0 6 2
4 2 0 0 2
9 3 7 18 8
3 27 58 0 9
9 8 9 4 2
8 1 6 11 11
7 0 6 11 15
31 8 1 1 0
9 3 2 1 4
34 0 0 12 2
11 8 1 17 10
5 4 15 11 8
2 1 22 18 2
10 21 0 2 2
17 4 18 1 5
11 0 6 2 17
1 13 7 16 5
10 12 8 4 1
20 7 1 5 4
6 11 42 14 23
3 7 9 1 21
20 22 0 3 27
0 0 1 1 8
0 2 0 0 11
17 4 22 5 24
5 12 3 17 8
11 1 16 20 29
23 13 6 23 3
12 3 23 5 36
0 27 3 1 12
4 0 14 14 1
2 2 13 4 6
0 15 3 7 1
12 8 2 33 21
20 16 6 0 2
2 1 8 4 9
17 3 5 4 8
5 10 6 3 6
3 15 34 16 5
1 16 2 3 9
5 6 26 17 29
1 13 6 0 6
11 7 20 7 5
10 1 16 9 21
0 5 4 1 0
1 1 12 2 1
19 2 1 12 5
1 2 12 4 11
13 0 11 6 8
1 2 0 5 8
1 0 11 4 47
25 2 7 3 1
14 28 7 1 13
1 24 33 1 21
12 5 11 13 9
7 9 5 7 15
15 5 5 15 7
5 20 21 9 6
1 1 16 13 12
37 7 4 6 2
6 3 7 3 33
27 2 6 3 0
14 0 8 11 8
1 0 18 0 24
5 25 13 0 9
0 14 10 4 11
0 3 17 5 3
28 0 7 1 17
27 3 1 0 12
9 34 7 16 4
10 1 4 4 17
16 10 11 9 2
1 14 5 0 4
1 7 4 0 7
3 10 16 11 9
0 12 9 7 21
15 1 4 6 0
8 11 5 3 0
2 8 8 0 11
8 23 8 4 12
54 8 2 19 0
4 21 24 6 16
40 2 19 0 0
1 5 3 4 18
4 4 4 7 0
0 6 8 6 6
5 1 3 3 6
25 11 9 20 11
13 4 9 1 2
1 19 3 2 10
10 1 28 1 4
19 2 5 7 15
22 12 0 11 17
11 6 6 4 1
3 12 4 0 3
7 10 9 11 16
8 6 62 1 6
7 0 1 9 0
1 6 13 11 2
13 7 4 8 10
20 9 3 6 11
7 1 4 21 6
18 4 0 7 10
6 4 2 9 9
13 13 0 5 1
8 3 0 11 3
4 10 1 5 5
27 2 3 3 3
0 13 2 9 26
9 2 10 0 6
8 0 47 1 18
5 1 25 3 3
2 2 2 2 4
2 12 5 0 15
2 2 16 3 2
2 3 16 29 4
0 1 11 6 20
13 3 10 0 11
7 15 4 11 1
6 9 5 7 17
1 3 2 27 9
3 5 4 9 5
13 7 6 29 13
5 3 1 28 2
0 8 32 5 1
1 3 0 13 8
0 11 0 2 9
4 0 37 12 8
18 15 4 3 15
6 7 13 0 24
11 4 0 2 5
29 0 17 4 26
1 26 2 18 5
1 7 18 3 3
2 1 7 8 2
6 13 2 4 25
11 18 14 0 8
0 7 9 20 11
11 1 7 2 3
11 5 56 1 3
5 17 6 2 2
10 7 13 1 2
16 6 12 1 4
0 19 4 14 1
5 8 1 1 21
6 0 8 1 15
5 2 44 3 2
0 4 6 16 34
3 2 7 3 7
4 11 1 24 6
19 2 1 21 3
14 0 1 5 6
38 9 5 1 10
7 34 2 37 3
4 13 0 9 10
1 3 2 0 34
3 3 5 2 1
20 3 5 10 14
11 1 16 7 5
15 0 4 0 1
7 7 13 1 5
11 11 14 9 10
0 4 8 7 3
23 5 22 3 19
1 0 1 17 4
6 2 5 11 10
4 3 14 13 2
2 1 0 7 37
41 4 2 29 3
1 3 2 14 8
11 8 33 8 5
9 1 6 7 1
10 0 6 4 3
2 26 1 6 34
4 0 0 4 47
2 14 19 6 34
13 0 30 26 13
16 1 3 6 6
2 4 0 1 20
4 12 28 1 4
7 17 2 4 0
8 8 7 2 20
10 6 32 16 2
20 16 5 15 2
0 6 4 6 9
7 1 4 6 5
1 0 2 6 16
4 20 3 2 3
4 1 6 4 8
7 18 5 3 2
15 7 2 6 6
2 4 2 15 1
4 13 2 0 13
2 6 11 9 0
1 2 7 8 5
14 31 3 4 10
4 0 13 11 3
19 2 19 5 8
0 21 8 7 1
8 3 4 29 20
5 11 10 5 2
14 4 22 2 10
1 4 8 45 15
5 1 1 0 17
7 1 18 7 0
10 7 3 25 31
13 3 20 2 1
8 1 0 5 2
3 0 2 1 8
4 8 3 3 14
0 26 7 11 6
0 1 4 0 7
10 1 2 4 0
3 12 14 13 10
0 5 4 4 14
2 8 0 18 6
26 7 8 5 16
15 5 2 3 4
18 8 2 2 26
0 2 10 11 3
8 8 10 6 9
21 21 11 32 20
21 2 22 16 4
9 2 7 3 3
8 17 13 5 8
9 3 8 3 5
1 0 4 1 1
3 2 0 10 2
30 12 3 2 8
14 9 5 4 9
3 16 11 54 8
7 13 1 3 29
13 5 36 24 0
53 9 9 13 0
15 7 10 6 4
15 12 7 3 18
6 5 17 10 9
1 13 6 23 1
2 18 7 17 11
32 29 15 6 6
16 0 8 9 1
7 7 10 1 13
8 0 3 5 0
23 1 9 8 1
7 15 14 13 4
4 0 10 34 16
35 4 0 1 16
37 29 6 13 24
7 0 20 31 8
26 2 0 5 54
12 7 25 6 3
1 5 12 13 5
3 12 0 1 20
2 15 11 9 14
39 0 27 4 2
6 17 46 0 4
1 1 4 3 4
38 4 8 13 4
0 2 0 2 16
16 10 2 2 27
26 1 15 20 1
1 0 13 2 1
1 1 9 0 25
4 16 3 5 5
7 13 1 3 3
10 15 2 1 6
0 8 12 39 22
12 1 4 11 13
5 13 1 12 17
7 0 6 4 2
13 12 4 20 1
3 6 2 12 0
19 6 1 11 6
18 2 3 4 2
2 5 8 5 0
14 1 19 7 8
9 6 6 17 1
6 20 3 10 21
12 9 3 1 6
11 7 11 3 13
5 7 16 34 4
18 0 0 18 11
6 0 5 14 0
3 33 7 3 4
12 24 7 5 26
9 1 2 11 27
1 18 10 11 0
3 2 15 3 0
1 9 37 0 4
8 3 14 4 16
5 0 5 25 7
5 2 3 2 0
15 1 2 3 2
32 28 1 3 23
33 16 12 31 1
6 2 15 5 1
10 5 11 5 7
3 12 1 5 4
3 9 18 7 7
15 10 18 12 12
9 11 3 33 0
1 9 23 28 4
0 4 1 22 4
1 5 3 0 25
3 1 1 11 6
5 10 11 12 25
0 7 0 11 8
2 12 0 8 2
1 2 4 3 1
6 17 6 1 1
3 12 7 10 17
10 18 10 9 35
7 9 10 7 9
13 14 0 4 4
17 4 11 25 5
18 23 19 4 10
4 2 21 23 1
3 6 8 17 46
20 2 16 8 3
17 4 9 6 1
32 4 2 9 4
1 8 40 3 0
3 7 3 18 10
6 15 11 4 0
5 2 14 33 15
11 4 17 23 1
6 9 7 26 3
7 4 32 4 11
10 0 2 11 8
3 8 7 10 1
1 32 5 6 15
8 2 17 3 30
8 4 4 9 82
6 12 7 70 4
9 5 5 0 14
3 16 1 2 0
26 6 3 10 9
2 4 9 8 12
6 11 0 0 17
0 9 5 2 19
1 6 6 15 1
9 10 1 9 22
8 12 12 6 8
0 4 9 6 2
0 15 5 20 4
0 1 1 3 48
10 14 4 21 11
20 2 8 2 4
0 4 4 4 11
34 10 7 3 9
9 8 5 15 25
10 2 13 5 0
6 1 17 3 16
8 1 16 4 9
3 4 4 2 2
6 1 3 0 4
2 9 19 2 5
2 1 2 4 4
60 2 5 2 2
7 1 5 3 1
3 10 12 0 1
1 16 9 34 9
4 13 0 8 2
2 10 19 7 17
55 1 2 27 15
0 0 6 1 1
5 1 0 5 5
1 2 6 1 1
3 2 8 0 0
16 0 4 2 5
7 2 2 9 3
0 12 17 2 6
2 16 6 2 18
14 2 0 13 4
3 28 0 4 14
14 6 3 3 1
19 2 2 39 3
5 7 13 9 24
5 39 18 22 7
12 25 14 4 1
10 6 6 6 21
2 4 11 2 9
25 0 6 8 1
4 3 9 1 7
3 15 6 13 1
44 16 16 8 5
5 9 10 15 1
0 22 0 1 11
0 5 35 13 2
7 0 3 5 28
1 7 9 3 4
14 4 16 8 0
14 5 9 21 2
1 11 9 9 13
3 19 23 4 17
6 8 11 0 15
9 13 16 13 7
8 1 7 29 2
2 8 8 7 3
3 6 9 12 10
6 2 1 4 2
11 32 28 6 1
19 10 4 7 4
12 1 8 26 28
9 12 4 4 57
7 0 4 2 24
2 7 24 2 27
6 6 9 10 8
0 1 12 12 6
7 3 3 2 23
3 3 8 7 9
12 18 5 25 11
6 3 13 6 5
2 10 0 32 3
10 5 16 1 28
0 7 12 2 3
0 7 5 6 14
16 0 3 14 2
2 0 6 4 5
6 4 7 8 1
5 9 4 21 0
3 1 5 0 12
7 9 13 12 0
12 7 3 3 14
1 8 8 7 0
0 4 7 13 30
8 0 16 21 7
2 4 1 20 5
3 3 1 7 12
13 2 14 12 4
4 5 1 2 10
3 6 23 6 4
10 0 18 3 1
4 3 12 19 22
0 24 14 1 3
0 11 10 39 6
0 1 4 3 1
1 2 11 33 0
0 18 2 17 3
6 4 24 2 5
3 0 10 3 0
1 8 4 7 4
4 8 5 16 20
1 6 6 23 4
31 9 4 4 1
4 23 4 8 2
24 8 8 45 3
33 5 0 4 31
9 1 11 11 33
10 10 39 3 7
42 7 11 26 3
11 2 1 10 5
1 21 0 3 23
32 0 2 7 10
8 6 6 7 13
9 3 12 7 1
5 9 31 2 7
9 15 0 41 17
11 6 2 8 13
10 8 5 16 17
3 9 19 2 1
2 7 1 3 12
0 31 2 8 0
5 3 0 0 7
0 10 1 0 6
6 2 4 5 3
0 10 3 13 3
2 4 46 14 1
2 14 6 2 2
9 17 4 3 37
3 3 10 3 7
3 18 9 0 0
7 5 8 27 9
5 14 3 23 10
33 1 28 0 2
5 3 1 0 3
4 5 32 1 15
14 8 13 9 13
0 1 35 2 5
5 7 4 4 31
0 3 3 1 0
7 23 75 4 15
32 15 3 18 1
0 0 11 2 6
0 47 0 6 2
2 6 19 1 6
18 1 6 5 3
7 15 4 10 6
4 16 1 1 1
5 15 6 44 9
4 5 10 5 19
4 17 7 10 3
6 4 14 2 15
14 25 16 3 7
21 4 1 13 6
12 7 4 2 6
37 6 0 14 0
6 34 4 2 33
6 0 4 14 0
9 10 11 9 4
0 4 4 1 4
6 3 5 7 2
1 6 34 20 5
17 40 11 12 5
3 1 13 18 11
22 5 18 8 12
1 3 5 8 1
2 24 3 11 3
0 6 22 8 1
4 8 13 31 11
1 6 6 0 3
14 45 1 4 2
8 4 21 1 9
26 11 2 2 2
20 30 14 2 0
1 15 7 6 1
17 22 19 10 5
22 5 0 32 1
30 3 17 9 2
12 4 5 0 10
22 30 0 10 7
2 18 31 4 9
6 8 7 0 2
0 4 0 9 10
9 2 4 4 22
1 6 7 25 11
7 21 6 13 13
12 5 12 14 21
16 7 11 11 1
7 28 9 14 0
6 0 5 1 12
3 9 8 5 12
0 6 9 46 17
1 1 0 38 3
8 5 4 3 22
4 3 6 8 27
0 19 0 2 19
21 1 9 17 8
1 3 8 23 4
6 9 17 1 13
2 26 3 49 7
16 1 25 25 1
1 52 21 11 29
7 5 28 5 12
11 8 8 6 12
1 4 20 11 10
6 2 25 1 4
9 1 2 14 26
1 10 0 11 14
5 16 7 0 15
12 6 6 9 0
19 5 17 0 1
14 2 4 6 1
0 47 5 14 18
2 20 4 11 4
6 41 17 3 9
3 26 16 4 11
14 8 6 18 17
10 16 10 4 25
6 26 7 19 4
3 7 48 1 3
2 21 16 0 32
0 6 19 13 4
3 20 3 19 0
5 2 2 4 8
5 24 15 9 16
1 31 5 5 7
16 0 2 17 4
6 6 0 10 26
1 4 15 9 6
4 11 1 14 1
8 9 0 12 13
9 9 11 7 3
16 2 6 1 16
28 0 10 17 37
1 14 2 10 5
23 4 20 22 21
2 5 2 6 19
2 1 11 2 16
1 28 1 8 8
10 4 9 4 4
9 1 7 25 5
8 12 3 5 8
3 24 2 7 10
52 1 7 2 4
4 0 12 2 1
14 6 5 6 17
26 0 1 28 10
13 2 6 1 22
21 1 2 0 0
4 10 2 39 10
13 9 17 0 50
2 59 3 7 5
5 1 4 1 2
3 2 17 2 2
21 2 4 17 11
42 43 14 1 1
0 16 1 5 1
4 5 25 1 9
2 20 5 14 0
5 3 0 2 8
29 7 7 2 9
13 10 23 13 13
22 1 0 22 3
14 2 2 2 2
19 2 4 2 1
10 6 9 3 9
7 1 0 0 10
0 1 1 10 1
16 0 8 4 12
3 14 9 2 15
1 6 1 13 17
25 1 13 8 28
6 0 1 4 18
11 1 10 17 43
4 3 9 2 0
3 2 0 9 17
1 5 0 1 2
12 17 16 14 9
37 0 2 0 2
18 1 27 28 5
10 3 5 20 1
5 18 5 13 4
3 35 19 4 18
10 15 6 5 9
23 39 15 0 3
7 0 5 4 19
18 5 1 1 17
15 21 4 0 2
15 17 2 1 6
4 12 6 4 2
4 3 8 17 27
24 9 2 5 6
14 43 0 4 7
7 1 1 7 3
0 0 9 40 14
3 3 16 7 8
6 19 9 20 5
6 12 0 0 3
3 31 3 6 13
2 3 19 3 8
0 2 5 1 4
1 6 1 27 14
4 0 6 0 9
2 14 2 5 12
1 4 20 17 7
21 5 2 2 7
3 1 65 2 16
44 28 3 2 14
16 7 2 0 24
12 6 2 5 23
11 2 30 2 1
1 0 0 4 13
3 8 13 16 16
4 4 3 1 21
4 7 4 9 41
11 20 7 0 0
5 7 2 2 0
1 33 10 3 13
7 7 19 5 21
18 0 15 3 6
1 13 4 2 28
2 9 4 12 7
0 6 2 1 5
3 9 1 16 75
5 4 2 0 3
5 6 1 13 21
0 7 22 3 6
13 13 8 5 2
6 2 0 13 19
15 0 12 12 1
11 12 15 15 19
7 10 2 22 4
17 7 16 6 2
10 22 10 15 13
4 2 18 19 0
5 9 0 5 10
6 1 0 7 41
0 8 4 8 0
7 14 1 18 0
5 4 16 5 11
4 8 9 3 11
14 7 2 2 18
7 6 29 8 0
8 6 38 2 16
0 0 2 7 21
11 3 11 11 6
9 18 21 9 19
25 17 1 8 4
0 11 0 9 5
0 4 2 1 3
12 3 5 3 24
6 1 5 8 2
10 29 0 13 10
16 6 0 0 9
3 29 6 10 58
8 5 14 12 41
5 17 7 8 6
7 18 1 1 0
6 8 6 15 19
10 9 9 10 3
6 5 7 31 23
14 1 8 14 2
5 1 12 4 1
10 8 3 25 11
1 8 22 16 5
0 8 15 20 21
3 9 4 1 2
8 0 14 1 15
1 1 30 5 10
20 10 0 6 3
1 39 1 7 0
1 52 2 1 18
8 1 0 23 1
11 39 52 3 0
24 7 1 4 32
12 4 29 6 2
11 11 13 1 1
3 4 12 3 8
2 8 13 0 4
37 16 10 12 8
3 3 10 2 1
6 4 2 0 1
7 4 1 0 19
3 1 6 0 6
26 19 10 1 4
17 10 7 2 5
4 0 7 6 6
13 11 3 3 4
0 4 2 8 5
7 1 11 9 0
12 7 13 9 5
0 6 6 10 6
0 10 0 4 3
1 51 5 3 7
9 40 2 27 6
16 2 0 1 7
1 15 8 3 0
7 24 3 12 4
0 30 0 1 0
4 12 1 24 15
16 1 17 5 1
31 0 0 15 3
1 3 16 1 4
8 7 21 1 7
3 4 4 6 17
15 1 25 8 0
3 5 0 0 6
39 10 10 13 12
0 2 10 8 17
18 6 33 8 14
1 66 6 6 0
19 12 8 41 0
29 0 4 2 3
18 3 4 3 1
12 1 22 10 19
8 10 18 0 7
3 0 14 2 6
0 6 3 4 3
28 1 18 17 9
29 11 28 6 26
12 9 20 1 3
0 4 0 3 14
6 4 3 6 5
7 12 24 4 13
1 0 4 17 3
9 30 2 1 22
0 4 15 3 8
3 0 3 39 13
9 9 7 6 7
10 3 1 8 1
10 45 10 18 1
2 16 19 2 1
0 2 6 0 3
10 21 4 56 17
0 15 2 23 2
0 1 5 1 9
9 35 7 68 13
15 3 8 20 1
28 11 0 6 13
6 0 1 11 1
1 2 4 2 3
14 8 10 4 23
4 10 6 21 6
9 12 21 0 2
5 16 17 12 8
6 4 7 3 2
2 4 8 1 13
0 3 16 3 9
8 3 24 0 7
13 5 11 16 6
1 16 6 5 8
25 17 14 8 32
3 12 2 0 1
0 18 1 14 4
13 4 38 4 15
0 6 0 6 2
2 9 18 5 3
1 4 0 30 1
11 1 0 0 17
3 16 11 26 9
4 3 29 2 8
27 12 25 8 6
2 0 18 8 16
1 2 30 6 3
8 2 24 17 0
37 0 3 0 1
2 0 32 5 7
5 9 4 20 3
0 2 4 8 26
3 2 4 13 6
17 19 14 9 0
0 12 0 21 6
24 3 4 28 1
0 6 0 26 12
9 0 43 3 8
13 12 16 0 24
1 10 2 11 24
4 9 23 0 3
3 39 5 1 13
2 1 14 3 5
7 1 3 9 1
11 6 2 1 9
5 14 6 3 10
0 4 5 10 3
23 8 2 7 7
4 12 8 0 0
4 6 9 3 11
32 19 1 6 3
5 6 1 1 3
12 1 13 3 12
6 13 6 6 8
5 0 0 2 6
0 15 17 5 26
8 3 9 6 11
5 3 6 4 7
33 0 1 22 14
15 6 1 12 1
6 29 0 7 0
16 23 0 12 6
5 3 15 9 3
50 0 13 4 5
32 0 1 10 10
6 13 5 3 7
0 9 3 7 0
20 0 29 16 6
6 4 8 12 8
14 2 14 2 3
1 6 17 3 30
2 8 7 3 10
1 2 0 6 10
0 4 20 10 4
4 5 1 25 6
2 10 4 2 2
3 5 22 9 0
11 29 3 2 11
10 0 9 13 14
6 4 6 2 8
10 18 8 15 7
5 0 1 13 11
11 29 4 4 11
65 7 13 3 13
3 11 16 1 14
0 3 0 1 3
1 10 11 2 11
19 6 20 6 2
32 1 0 12 1
5 5 16 22 4
11 28 19 1 22
19 30 4 1 6
1 16 30 2 5
3 6 9 42 6
3 2 8 0 15
28 4 0 18 20
28 4 4 0 22
0 45 6 0 1
7 12 1 10 15
11 29 8 13 18
24 8 12 1 17
20 20 0 18 20
0 1 5 6 25
6 5 0 8 36
14 7 15 0 2
15 2 0 9 3
2 8 12 3 1
4 7 3 2 13
26 0 19 14 3
13 3 11 2 4
5 1 9 3 6
22 17 26 16 18
0 11 0 2 22
2 5 0 14 25
32 3 1 23 0
4 3 7 1 5
11 10 2 0 3
22 5 3 21 3
4 20 3 10 6
12 9 2 13 1
0 35 6 3 0
11 13 40 5 2
8 3 33 0 8
10 5 0 2 8
2 1 3 21 1
9 0 18 0 7
4 11 33 5 24
0 1 2 17 10
8 3 3 9 6
12 5 16 0 11
11 7 9 1 2
2 12 7 5 10
15 1 5 10 3
0 6 9 1 21
17 29 33 4 16
5 10 0 6 3
3 5 12 4 26
27 0 21 13 1
3 14 2 20 1
0 0 19 0 16
10 5 8 20 49
17 15 19 12 3
0 16 4 24 11
18 1 8 24 3
0 3 2 2 34
20 0 1 0 0
10 0 8 0 8
2 3 11 2 14
2 9 10 2 13
4 5 7 2 18
10 4 12 1 8
17 27 13 0 26
14 3 28 2 7
2 9 10 20 7
15 3 12 4 12
1 10 1 5 17
22 26 5 4 4
8 6 8 0 5
2 9 3 7 7
0 9 22 13 0
4 10 10 0 36
17 0 0 3 7
20 0 15 27 1
2 7 12 1 9
9 2 0 0 5
10 19 1 6 0
14 9 6 24 3
17 15 9 5 29
3 1 4 6 24
5 1 22 11 7
1 30 3 5 13
1 9 19 5 12
6 13 6 39 1
93 10 11 25 19
24 7 18 6 22
61 8 3 16 0
9 4 12 28 9
41 3 2 3 2
20 13 17 3 12
14 16 3 1 9
13 2 0 28 10
24 1 4 5 18
4 6 8 7 4
3 0 13 2 8
27 14 12 0 25
5 1 2 7 4
1 0 7 12 9
20 30 1 5 6
11 6 1 18 2
15 3 5 3 3
3 12 24 2 19
3 8 9 7 3
16 10 0 1 9
41 11 1 18 23
15 2 11 12 1
0 0 9 9 5
6 0 9 21 20
5 10 0 18 15
0 4 9 5 1
8 2 1 8 0
6 0 55 11 0
1 0 24 7 7
12 1 1 2 4
1 26 0 3 4
3 7 47 0 0
0 4 0 1 3
8 0 25 6 3
1 5 1 16 14
5 2 22 0 15
2 13 5 2 22
4 0 3 4 16
0 3 2 5 1
19 6 8 19 2
6 22 8 6 2
0 14 13 11 8
12 3 2 16 14
0 0 4 21 24
3 0 3 3 12
6 3 1 19 4
7 4 3 16 15
8 4 0 9 2
7 43 27 3 0
8 22 4 51 3
0 2 4 8 6
0 12 3 30 11
6 7 14 11 11
6 4 2 3 0
5 23 6 6 3
6 3 0 5 5
6 14 18 35 14
20 4 12 3 5
19 5 19 1 9
4 3 0 21 8
4 27 1 7 2
33 7 9 13 10
4 2 8 23 31
2 0 5 3 1
0 2 2 10 2
15 18 6 17 11
8 9 8 1 3
7 2 8 10 25
3 4 10 4 6
15 12 2 22 11
11 16 2 10 16
16 6 20 15 5
6 6 1 5 1
0 9 32 4 9
7 2 11 2 15
4 11 0 12 11
11 8 0 11 8
13 15 22 7 14
8 8 8 4 13
1 3 10 30 5
6 18 5 6 1
18 7 11 2 5
1 3 9 17 3
15 8 2 3 14
3 14 6 5 4
28 2 1 23 22
6 0 3 3 1
12 14 0 4 8
8 15 2 7 1
0 3 3 3 1
13 5 1 16 1
3 1 1 5 12
13 0 25 29 3
4 3 8 4 24
0 11 12 30 9
10 0 17 0 8
2 4 21 12 20
0 0 0 7 9
2 3 1 10 21
0 14 9 0 13
14 6 1 6 6
11 1 36 16 7
2 20 3 17 0
6 33 17 4 40
7 28 2 0 19
2 4 0 10 32
0 6 18 2 2
1 21 13 1 1
5 6 0 0 15
1 14 5 9 7
15 1 12 2 2
4 20 1 35 2
9 31 1 0 37
3 16 55 3 15
7 15 30 1 13
1 10 27 44 16
7 9 4 1 4
2 22 1 16 28
1 5 5 16 9
8 12 6 35 19
8 26 11 17 16
9 5 5 2 0
0 6 2 10 18
4 0 20 7 22
0 0 3 2 22
36 4 2 2 6
2 37 1 0 0
20 3 7 0 23
16 54 7 11 0
0 31 7 2 12
8 10 7 53 5
2 1 1 4 25
11 23 0 0 3
1 0 4 11 0
8 0 2 27 3
9 12 14 1 36
6 0 3 5 30
0 6 2 29 13
1 27 9 4 9
2 6 31 11 9
10 18 14 10 5
12 14 14 11 9
13 2 2 10 0
0 1 7 6 5
4 10 7 33 3
2 8 11 10 14
7 21 5 20 25
3 3 8 16 3
6 1 7 25 5
8 1 11 2 10
14 24 10 3 4
32 2 4 15 4
41 4 5 2 11
15 11 19 4 1
0 10 8 49 7
7 17 0 2 30
41 0 10 4 3
1 23 0 6 6
10 11 1 5 22
21 10 5 6 6
17 8 13 19 0
10 27 18 7 0
3 10 0 8 0
4 13 0 6 8
1 0 1 2 1
11 6 11 16 7
0 11 13 4 4
2 0 0 22 9
7 4 2 1 13
4 20 29 3 15
12 6 6 8 5
5 0 22 1 16
14 6 2 17 17
12 4 6 9 13
0 16 2 1 18
18 4 8 13 20
8 4 4 20 4
5 9 4 4 1
8 13 6 2 7
12 3 7 6 4
26 7 21 6 3
6 20 53 1 0
7 17 4 8 6
3 6 8 13 9
3 1 6 6 10
2 7 14 32 36
6 5 6 14 3
16 8 12 4 2
2 10 20 51 37
0 4 21 3 8
4 9 8 5 11
2 27 6 1 10
8 23 16 2 5
11 45 42 1 4
6 29 2 2 18
18 0 0 1 10
6 2 0 3 2
13 7 6 20 0
3 5 1 4 29
0 2 1 2 11
6 3 2 12 1
5 6 5 20 2
8 3 9 0 40
1 5 10 12 0
20 3 44 9 30
29 5 1 35 7
14 19 21 1 5
0 8 10 8 18
5 5 1 22 10
25 5 2 15 11
9 0 3 4 5
8 2 14 2 93
6 17 4 52 1
0 10 3 11 3
1 16 12 11 1
6 0 3 1 15
59 0 4 2 12
0 3 5 5 2
13 5 5 29 0
8 28 8 21 5
6 50 0 0 1
8 1 5 2 2
0 17 1 3 2
1 1 15 24 4
19 0 8 9 4
7 8 5 58 7
4 4 1 19 5
7 5 8 8 2
11 17 6 15 5
10 9 5 7 5
6 3 3 14 15
8 27 13 0 6
0 10 1 1 9
0 6 2 0 11
1 8 2 3 8
16 1 18 0 47
3 3 3 15 2
16 3 10 0 0
30 12 22 4 3
3 0 26 15 49
7 10 0 0 1
16 32 36 33 75
3 1 15 0 4
9 8 1 2 5
7 32 10 27 17
12 9 7 36 6
6 1 9 1 6
9 5 6 27 1
7 18 3 36 13
8 11 4 0 7
1 1 9 0 5
6 3 10 10 18
5 14 22 0 1
1 23 11 6 4
7 1 48 3 6
21 21 8 11 6
1 0 38 15 2
5 27 13 1 1
24 6 17 22 4
0 24 5 17 6
0 3 1 2 14
16 13 3 1 6
11 10 10 3 33
9 5 0 12 13
23 0 3 3 0
1 23 2 3 5
0 4 7 0 4
9 6 3 9 7
3 0 1 39 9
2 3 10 7 3
6 7 10 9 3
4 2 8 8 2
11 27 32 6 11
2 11 9 8 14
8 25 4 26 2
5 15 6 20 9
3 24 0 29 14
16 25 0 10 0
8 14 12 5 5
8 10 17 21 2
0 3 25 0 10
7 29 14 1 4
13 12 7 2 6
1 9 10 12 10
11 0 4 9 6
13 11 12 5 2
9 0 2 5 14
6 17 9 2 14
13 7 4 0 3
3 4 11 2 8
8 6 11 7 28
2 12 10 0 7
11 8 3 31 6
19 1 4 0 5
4 22 19 21 3
35 9 68 3 17
0 12 8 21 4
10 2 1 5 2
9 1 1 1 0
7 15 16 17 17
4 17 6 3 6
6 8 1 24 3
33 11 9 4 3
3 19 8 11 1
13 1 5 2 0
0 8 5 3 18
4 3 8 11 9
25 10 0 10 27
1 4 7 0 5
4 6 1 3 5
4 2 4 2 12
5 4 4 4 19
8 11 2 1 12
5 25 6 15 2
9 18 1 2 9
19 14 11 0 7
4 5 20 5 6
0 7 13 2 20
4 10 6 2 6
11 2 11 1 1
14 3 5 1 3
1 0 9 7 16
6 1 0 3 30
6 2 11 33 6
1 21 1 6 5
3 3 7 3 17
17 7 11 4 0
1 2 5 3 37
24 11 1 14 6
2 18 11 54 10
6 5 34 13 14
12 1 2 20 0
6 8 10 25 18
1 1 5 14 8
15 12 2 1 0
2 22 9 2 1
0 6 2 3 16
11 3 8 6 10
18 3 14 1 5
35 2 11 1 0
10 5 2 0 16
14 16 10 16 8
0 14 12 2 7
9 27 1 8 1
0 2 1 1 10
13 0 0 10 6
32 14 23 10 27
9 13 15 6 3
3 2 0 2 8
0 4 20 40 21
9 29 0 1 24
11 19 5 4 9
9 16 7 2 2
3 2 1 15 8
8 6 20 31 3
9 1 1 3 6
12 0 4 7 32
6 5 13 33 5
9 6 32 9 9
25 19 23 17 0
4 29 4 15 8
0 28 12 20 0
28 0 11 4 3
8 12 4 14 0
1 11 4 1 19
4 0 26 19 4
2 6 14 1 8
27 22 5 10 10
9 6 3 12 22
14 16 7 2 6
16 33 2 12 1
0 16 9 2 4
0 2 14 10 6
34 5 20 4 19
6 10 21 12 5
26 3 16 0 12
21 0 15 0 21
8 1 9 9 7
4 10 2 21 9
2 13 4 0 45
20 8 23 2 1
17 1 6 3 0
10 6 0 2 0
15 8 42 0 17
28 3 22 11 14
6 3 13 9 13
5 6 0 1 2
1 3 9 24 4
36 3 1 18 0
15 0 32 5 4
2 3 1 3 2
8 13 3 1 3
32 24 3 3 4
0 0 15 2 11
6 5 2 2 26
8 0 7 9 3
8 3 10 13 8
1 8 1 3 9
3 3 0 9 4
10 4 3 15 16
3 1 7 1 9
6 0 1 2 5
1 4 0 26 42
1 1 17 1 3
0 8 4 8 2
2 4 5 6 14
8 8 2 15 11
10 19 12 12 0
1 25 17 3 22
6 14 25 10 19
3 0 0 8 20
14 8 0 11 18
14 8 6 10 7
7 10 1 19 3
7 5 33 27 5
7 18 5 12 3
20 5 12 25 15
7 5 0 7 12
8 13 0 7 21
28 22 3 2 8
1 7 4 6 1
7 1 1 25 13
0 0 0 1 5
0 7 0 12 22
24 3 2 5 4
5 25 8 15 0
1 12 9 0 6
1 1 9 0 4
0 6 1 6 1
0 15 1 2 11
0 0 7 12 0
15 9 5 15 10
6 5 4 10 4
0 11 1 33 15
2 7 23 2 8
16 6 1 0 6
13 2 12 21 2
5 2 0 0 5
6 0 4 2 9
13 8 0 5 3
19 0 11 31 4
17 6 1 11 8
8 14 22 12 20
6 3 5 44 3
13 7 1 7 21
0 13 15 0 3
0 0 0 1 3
0 20 11 9 7
5 27 4 19 17
9 3 23 0 1
9 7 0 7 6
4 5 5 23 2
3 6 5 12 19
3 1 5 0 2
1 1 5 5 4
11 4 3 21 6
20 25 13 1 3
4 2 0 7 5
0 0 5 29 3
32 40 21 6 32
5 23 28 18 14
5 0 11 3 29
6 17 9 2 8
1 25 11 3 2
2 0 4 4 3
5 7 13 22 11
0 3 2 6 23
4 2 9 4 6
4 2 4 13 5
22 28 7 42 5
5 10 3 13 4
0 5 1 20 0
7 34 4 7 0
17 2 23 6 8
3 30 6 1 0
2 0 3 21 4
3 1 5 5 5
2 0 12 0 16
30 20 6 19 19
30 3 14 4 8
1 13 1 2 11
2 29 56 4 11
12 5 13 14 11
1 14 7 31 5
10 11 5 12 9
14 19 5 0 6
4 3 6 11 20
2 3 7 6 9
0 21 3 10 1
29 0 2 6 15
0 8 20 8 41
8 44 4 18 1
13 1 24 9 1
6 0 10 5 26
15 2 16 0 3
0 12 2 22 50
1 10 0 3 7
0 3 3 0 5
6 2 17 2 15
26 13 2 6 4
12 3 27 11 13
0 4 1 1 5
16 18 5 13 11
0 10 6 2 1
2 6 8 9 0
28 0 2 10 5
14 1 0 3 2
0 11 11 20 55
4 15 11 2 1
10 0 0 7 9
14 5 6 7 1
1 1 17 22 4
13 8 9 33 0
11 2 0 3 4
26 1 3 4 0
14 44 9 3 1
10 1 2 2 19
22 6 2 3 12
8 5 31 11 11
1 14 5 7 25
18 24 18 7 0
12 2 11 11 3
0 45 1 28 1
13 1 10 2 4
4 7 2 9 3
5 6 4 20 11
9 2 13 3 1
11 6 8 17 9
0 12 6 0 2
13 0 6 6 3
0 32 5 20 7
13 22 2 15 8
5 5 6 2 12
6 0 3 2 14
37 1 6 3 11
1 10 8 20 10
2 21 29 21 0
4 2 1 7 2
0 8 11 3 8
0 2 0 4 25
5 8 42 1 19
23 6 0 27 1
20 1 8 14 3
7 8 2 1 15
4 3 19 2 2
11 16 3 8 0
6 6 25 2 3
0 11 4 6 6
13 10 17 15 0
2 10 6 32 26
1 32 9 9 0
5 7 22 12 2
13 16 4 6 7
10 4 9 0 17
7 2 5 13 17
7 18 2 35 5
0 2 32 11 23
13 18 2 5 3
15 34 40 2 21
3 7 1 21 8
18 8 14 0 15
1 0 23 33 6
2 0 5 9 0
27 22 2 4 2
17 9 3 2 4
4 14 2 1 1
9 3 6 14 0
27 4 6 20 36
0 26 2 10 12
2 1 15 0 0
19 3 10 21 0
1 7 1 7 1
2 2 1 8 7
0 4 12 21 4
2 4 19 9 49
23 17 6 2 2
9 1 10 1 0
0 10 6 21 19
1 1 22 2 14
1 3 3 2 9
5 16 12 1 11
3 5 4 0 3
39 3 8 8 3
4 7 1 2 0
8 7 4 4 9
22 2 11 14 10
23 7 1 14 4
9 18 0 4 6
14 9 3 5 3
15 3 9 51 7
0 17 2 10 9
8 2 4 2 8
1 20 7 2 5
2 8 16 12 24
0 0 10 0 6
6 15 0 0 13
3 15 0 11 3
0 0 0 6 0
7 3 28 19 5
2 14 0 14 14
4 9 16 5 3
6 9 5 5 17
6 11 2 1 5
2 4 19 16 6
21 1 5 23 1
30 8 4 20 30
4 7 4 22 4
8 18 1 6 13
7 2 1 22 8
22 4 27 1 6
8 4 1 15 8
12 1 3 20 34
2 18 4 25 0
9 5 16 2 20
4 5 22 1 6
9 7 3 24 3
0 8 10 28 11
0 6 23 11 3
14 3 2 5 7
7 9 5 18 2
0 24 17 2 1
2 2 10 9 19
6 23 3 1 20
43 4 14 8 3
6 18 27 6 39
26 10 20 14 3
4 23 3 28 10
0 15 6 1 5
3 4 60 3 2
4 3 3 1 24
3 9 5 1 1
0 3 31 3 9
26 12 22 0 6
2 0 4 7 26
0 1 3 2 9
0 15 14 25 24
31 3 4 8 0
2 15 28 42 8
0 0 3 2 8
1 0 0 4 7
22 4 1 1 4
0 1 7 8 3
0 4 8 1 4
27 1 24 8 2
2 13 61 0 4
0 3 8 7 26
3 27 2 2 25
6 15 1 8 42
0 1 13 1 44
14 5 10 2 3
0 1 14 0 14
3 6 6 5 18
24 5 10 5 10
4 3 1 7 1
2 0 9 4 9
2 19 8 2 0
4 0 1 10 2
8 1 9 11 3
0 13 20 3 4
5 12 14 11 8
17 10 25 6 23
0 26 7 1 4
11 5 20 10 20
11 0 9 10 13
8 13 2 8 6
1 5 7 5 3
7 5 7 9 15
4 0 0 1 2
5 12 2 5 10
10 14 4 17 12
1 4 9 6 7
14 19 12 2 4
9 8 4 13 0
4 14 1 14 5
0 0 3 2 11
15 8 1 2 0
5 10 13 12 7
6 1 4 1 21
16 15 0 2 2
19 6 6 1 5
6 4 6 9 1
3 5 6 14 7
6 17 3 44 11
26 30 2 5 1
7 11 16 27 14
37 24 3 14 4
7 13 16 12 0
5 3 3 21 14
11 0 1 14 17
0 14 12 8 14
12 13 4 2 6
16 7 12 1 10
8 1 1 17 6
13 4 1 47 7
7 21 0 20 6
7 3 6 0 12
0 4 1 17 6
6 12 6 7 0
22 1 1 3 10
28 20 14 7 8
9 0 3 2 19
0 10 9 9 13
1 3 0 5 7
3 16 1 10 3
20 3 2 4 24
22 3 4 4 1
0 0 11 0 0
18 1 3 0 7
8 7 6 15 17
9 4 7 1 9
11 10 37 3 4
13 7 8 0 38
72 13 30 24 3
5 14 17 10 12
18 0 26 36 0
1 7 4 4 7
23 5 1 24 13
1 3 1 5 2
4 4 9 16 5
16 5 5 11 2
1 20 11 6 2
14 0 16 1 9
14 20 13 1 29
0 11 4 13 0
14 5 4 9 0
0 11 5 23 0
2 10 3 24 33
10 0 10 5 1
8 13 1 1 3
6 7 0 41 7
7 15 28 6 11
2 0 16 2 7
2 17 43 9 16
16 7 5 5 4
3 5 18 4 5
2 33 2 5 4
6 3 10 7 3
14 6 38 0 1
4 9 1 1 8
1 4 1 47 6
0 1 5 4 8
5 19 1 5 0
12 19 4 10 0
2 0 4 1 5
2 5 7 0 0
11 43 2 9 21
0 1 1 4 10
2 17 3 1 14
7 3 20 29 20
10 1 1 3 16
1 1 9 8 5
6 4 1 2 17
0 2 1 10 4
0 0 24 2 8
4 5 16 14 4
0 14 3 2 2
17 10 9 8 4
3 14 2 4 11
6 3 7 9 1
6 14 12 2 53
1 15 1 17 23
7 20 5 1 8
2 8 3 2 0
4 1 4 4 6
1 4 1 5 2
3 3 5 21 1
2 10 5 0 9
2 3 12 1 2
14 17 15 0 8
0 0 2 21 12
18 8 0 21 3
15 23 47 0 6
33 6 0 4 3
4 4 24 12 1
8 12 24 1 4
8 8 3 0 20
9 1 12 9 3
52 4 23 39 0
17 0 2 15 11
3 21 14 2 5
7 6 1 4 13
16 1 16 5 0
5 0 24 11 3
0 18 2 9 1
19 11 17 23 20
17 3 4 9 3
1 1 11 11 24
13 0 1 4 18
1 8 13 4 34
4 1 5 7 14
13 2 0 31 3
13 7 1 27 5
0 6 2 14 6
4 4 3 1 8
17 3 11 21 21
4 3 14 21 0
6 11 6 34 5
1 10 2 3 18
25 8 4 10 0
4 12 5 14 2
5 0 17 6 0
1 17 4 0 8
19 9 0 10 4
15 2 10 19 4
8 15 57 0 7
14 10 2 0 15
2 6 2 10 17
2 0 0 6 0
8 4 2 7 0
11 0 2 3 0
10 2 5 1 2
17 12 0 10 5
2 3 13 26 13
18 2 6 0 1
16 7 23 21 2
0 2 4 13 4
24 19 2 2 0
3 3 0 3 5
2 5 4 14 11
20 8 9 12 2
4 6 10 11 6
9 0 18 12 11
3 8 1 1 9
48 0 0 17 25
9 4 0 21 20
6 16 4 0 15
7 1 8 9 25
4 19 16 3 1
30 0 5 8 1
52 20 6 3 22
3 12 4 18 6
18 4 14 6 17
24 19 4 0 45
3 9 11 12 4
1 0 2 11 14
2 10 14 4 1
5 4 2 3 6
7 10 2 9 5
14 3 41 1 4
6 3 8 12 2
4 10 0 1 3
5 10 1 16 22
10 14 8 20 2
0 7 11 9 1
2 17 26 6 16
4 4 23 6 6
18 13 0 0 4
4 13 1 2 14
5 8 15 0 12
12 14 30 20 7
7 5 3 4 8
2 12 1 0 7
25 4 11 38 12
23 21 2 9 17
0 11 1 23 10
6 1 10 14 22
0 0 5 1 6
43 4 6 5 10
0 9 4 1 2
10 2 0 15 2
11 7 25 7 9
1 6 1 4 4
29 3 8 12 2
5 4 4 3 3
33 4 2 13 5
0 5 4 7 16
6 4 14 2 8
4 18 10 4 11
9 4 5 5 21
10 26 1 11 1
11 0 8 13 1
12 1 16 6 5
2 4 2 29 5
26 14 0 16 37
8 5 6 5 7
3 30 9 9 5
5 0 32 6 16
3 16 19 9 7
21 23 8 24 8
0 3 24 16 5
9 2 11 0 20
44 6 1 17 0
13 12 5 5 39
16 27 18 16 1
35 5 26 9 3
0 0 0 27 8
3 12 6 17 16
2 8 26 2 14
33 14 0 1 10
1 21 3 11 6
3 15 25 32 6
0 14 7 3 5
3 3 7 6 1
3 26 17 11 3
17 10 52 0 5
1 0 1 5 25
18 23 0 13 16
0 8 9 20 2
5 5 6 2 8
10 12 8 0 0
2 51 14 12 6
2 13 11 15 0
2 7 5 14 4
7 0 1 10 2
19 1 13 7 17
1 34 3 1 2
14 1 1 7 1
4 9 28 2 7
14 11 7 7 17
6 1 3 9 6
2 8 0 21 19
5 9 0 25 40
14 1 19 16 11
6 10 1 1 8
4 13 7 13 8
3 3 11 0 0
12 1 6 10 6
2 56 4 1 20
12 3 15 3 3
2 3 10 0 41
12 17 6 28 2
10 22 11 6 5
5 0 0 13 0
9 4 6 4 1
38 7 1 17 4
7 6 8 10 0
28 2 7 5 6
1 3 11 20 3
15 12 8 5 1
16 10 1 5 6
9 8 16 7 0
0 10 6 6 3
0 1 6 3 7
4 6 23 9 13
17 0 1 16 9
10 1 30 4 6
9 6 42 8 4
1 1 6 5 1
10 8 9 9 7
22 7 13 2 4
0 18 8 7 15
3 5 13 8 19
10 21 2 0 3
18 2 9 72 1
15 3 31 19 4
9 23 17 6 36
9 4 0 3 19
6 13 2 16 19
8 2 3 0 2
4 4 1 15 2
7 13 13 7 32
1 13 2 0 20
25 5 8 5 5
3 11 21 1 0
2 2 15 3 2
10 0 7 17 10
5 5 0 38 14
12 5 1 5 4
8 32 2 2 24
26 3 0 13 15
1 13 4 3 10
15 14 21 26 2
19 4 3 1 3
27 9 4 4 2
0 6 26 15 14
11 3 1 3 7
0 0 21 14 0
5 3 1 14 10
0 28 5 2 7
3 1 5 0 7
3 1 11 1 12
22 6 20 4 32
2 5 18 22 2
18 9 2 5 0
3 3 1 21 3
8 10 4 3 8
7 0 10 6 0
21 4 24 5 17
5 2 0 0 14
8 9 10 5 1
6 8 18 6 8
9 0 28 15 0
5 7 27 20 3
1 1 17 9 0
1 1 12 21 10
24 0 1 7 6
7 6 3 8 12
10 7 2 7 2
1 0 27 1 40
18 7 16 12 1
2 6 20 0 1
4 65 5 23 9
5 2 4 1 41
2 4 2 5 3
35 0 1 6 5
0 0 2 3 7
1 49 4 5 21
4 15 1 16 18
2 3 0 4 6
0 1 9 4 24
60 2 7 14 7
0 5 3 5 7
4 22 1 2 4
8 0 16 1 7
11 14 4 6 18
17 0 22 3 12
5 8 0 2 6
21 23 13 0 15
2 21 13 1 11
2 5 23 2 4
2 0 3 1 7
33 39 8 1 34
2 2 0 12 5
8 1 25 13 6
6 7 19 0 7
1 5 8 25 10
9 19 7 10 1
2 3 1 9 11
0 4 10 21 18
3 18 0 14 7
32 5 19 0 2
1 19 9 18 11
10 3 7 7 11
3 3 12 25 0
2 17 5 7 20
14 5 2 10 5
0 6 11 1 28
1 11 6 4 5
4 7 38 1 1
5 0 0 9 22
48 9 0 0 6
4 13 4 0 1
10 2 14 0 16
3 6 1 3 3
4 7 8 18 5
16 4 3 3 0
2 2 0 1 0
54 2 0 5 2
2 10 10 3 3
7 3 8 1 3
21 2 9 2 3
18 19 2 4 22
3 4 3 9 3
22 19 14 7 33
52 7 19 8 2
31 5 1 2 16
3 5 0 3 0
2 8 9 34 14
23 3 0 29 6
1 10 1 9 3
13 12 7 20 2
21 7 35 2 5
13 0 2 3 5
6 15 0 0 2
2 1 16 33 21
12 6 10 2 10
1 14 2 16 21
4 4 0 18 1
16 12 20 11 22
2 8 1 3 0
4 4 22 12 16
28 5 5 5 2
11 53 25 9 13
4 2 19 7 17
16 4 40 13 5
7 3 1 10 3
1 2 13 0 1
5 0 8 7 2
29 4 25 20 9
2 6 3 8 19
10 6 4 5 7
1 5 15 4 8
9 1 1 10 9
6 3 6 10 0
0 0 7 10 2
5 31 0 11 2
16 7 0 19 5
2 9 2 9 15
13 6 9 3 3
13 9 8 2 10
31 1 18 2 3
8 11 44 6 1
5 2 11 20 4
3 21 1 0 14
19 8 7 14 0
37 4 5 5 0
1 7 37 7 4
4 4 0 5 2
1 1 22 2 1
6 2 9 30 17
12 1 7 8 1
11 15 0 25 7
5 19 2 1 16
7 11 6 2 4
0 4 9 0 14
38 9 6 15 9
0 22 16 5 14
5 29 5 2 3
26 5 3 0 0
0 2 1 1 13
2 2 6 3 9
17 8 13 12 3
19 3 4 0 10
14 2 26 12 5
3 10 6 5 1
44 5 4 0 5
10 3 5 2 0
6 9 23 12 6
2 10 9 2 11
9 44 12 10 14
23 4 58 4 5
11 2 6 19 1
4 19 0 13 8
1 25 4 0 14
12 7 32 12 1
6 29 31 14 7
11 11 16 2 0
7 8 9 9 7
7 2 0 4 2
4 59 13 9 1
3 55 29 11 5
0 10 12 7 11
3 18 7 10 10
31 25 3 18 1
15 19 7 8 11
8 4 7 23 10
17 8 13 1 2
9 6 5 1 0
15 3 8 23 3
4 3 10 3 1
0 24 11 16 6
2 17 5 51 22
8 20 7 10 3
2 2 1 14 11
3 1 25 31 4
7 4 16 11 17
0 2 9 14 16
3 0 11 23 1
2 15 1 15 2
15 19 0 3 18
9 12 4 2 19
12 7 2 4 25
0 6 4 6 5
6 8 7 2 5
6 37 3 3 21
3 0 25 6 11
1 3 1 9 15
21 12 4 1 7
3 9 7 0 4
24 28 3 0 1
22 1 17 3 9
9 4 6 10 7
23 28 38 23 4
3 6 1 0 11
18 9 1 19 8
8 3 7 0 16
16 7 7 2 18
13 1 0 2 0
5 12 12 4 1
9 1 0 0 3
0 3 1 0 7
0 6 7 5 12
0 10 2 0 36
13 4 6 3 2
7 13 1 5 1
6 12 9 6 13
13 8 2 1 36
11 0 13 7 5
1 6 5 52 5
2 0 2 6 3
37 0 18 5 28
10 6 0 20 19
4 17 6 3 16
2 15 9 0 8
21 9 2 9 14
16 1 5 0 4
12 10 26 27 10
10 26 0 1 11
20 8 19 9 4
0 0 22 13 1
5 3 7 9 10
7 5 17 2 29
17 0 1 3 35
3 13 3 1 13
0 1 10 7 2
3 4 12 11 4
5 25 13 5 1
0 5 11 0 14
11 2 20 19 27
4 12 3 0 1
13 8 3 8 2
4 13 5 1 8
6 9 4 29 5
3 4 1 1 10
2 3 14 31 1
39 4 0 9 13
28 3 13 4 0
10 9 2 17 5
6 11 4 3 2
2 0 3 16 32
2 4 0 2 2
15 0 10 0 3
7 13 1 9 5
36 0 19 2 15
3 15 2 5 16
1 9 6 16 11
17 5 9 1 12
1 3 12 26 30
5 1 5 12 8
3 6 12 18 7
48 3 0 15 7
12 1 2 9 2
23 3 0 20 2
0 3 5 0 7
18 10 14 7 38
13 1 20 18 1
7 3 30 23 4
12 19 5 4 2
11 6 7 14 3
32 0 11 10 0
22 9 62 5 56
4 7 18 0 1
13 5 3 7 13
4 23 8 0 15
25 0 1 2 6
2 0 10 6 24
31 1 6 0 17
21 4 0 10 3
8 8 4 9 12
26 5 4 8 15
20 20 0 8 5
21 4 13 10 8
1 5 0 1 15
11 4 4 15 2
6 10 12 5 5
10 1 2 2 3
2 13 7 32 13
13 21 11 4 4
17 29 9 4 13
1 3 27 5 3
5 3 7 9 1
30 14 22 18 0
12 4 9 28 25
10 27 17 2 20
1 0 12 3 35
2 29 12 2 13
1 12 10 17 15
14 0 0 6 9
4 1 4 2 2
3 2 20 0 25
14 11 7 11 7
7 19 2 8 2
16 11 13 11 24
11 0 4 13 9
8 11 4 35 3
17 10 2 12 2
3 1 8 0 6
0 29 10 8 6
19 5 14 3 4
15 4 13 2 12
20 5 10 13 14
5 1 7 7 5
2 3 6 5 35
1 7 26 22 8
3 1 6 10 11
19 7 11 42 10
32 4 2 27 1
14 2 8 0 4
1 8 8 0 5
6 8 7 7 2
4 3 8 5 14
4 5 2 16 18
27 0 4 20 3
8 2 5 23 9
23 2 48 8 24
7 33 4 3 7
11 20 23 2 3
3 4 25 3 19
3 0 21 2 6
1 4 46 12 5
8 4 0 11 10
4 0 2 11 8
3 1 5 9 8
0 11 0 5 5
4 8 5 1 5
16 16 5 4 5
1 0 43 5 11
1 0 12 9 3
13 9 0 7 3
3 1 2 39 7
11 1 23 27 18
46 15 9 9 3
8 12 9 3 7
27 27 2 0 27
16 5 1 1 5
2 2 38 4 21
8 6 4 9 0
6 1 0 2 24
2 11 7 3 0
21 19 2 4 3
5 1 18 38 0
2 8 2 3 8
7 1 0 25 4
29 16 4 3 0
1 5 12 12 3
13 0 29 11 11
5 0 2 7 24
15 0 0 4 55
62 10 2 1 8
11 13 0 13 1
5 0 8 0 0
12 2 0 6 1
1 4 15 2 9
25 6 20 1 2
0 5 7 11 18
41 4 16 1 14
6 19 6 8 5
5 32 15 9 2
11 5 10 9 12
8 2 2 1 2
2 2 11 1 11
3 6 12 13 12
0 29 19 6 15
0 0 19 18 48
30 1 2 9 19
0 4 10 3 22
5 1 5 9 0
4 3 26 0 3
62 3 5 13 20
1 11 0 25 10
13 25 5 15 16
6 4 16 17 2
32 21 1 11 3
1 8 24 10 5
18 4 13 3 8
1 16 2 1 4
7 20 22 24 8
4 3 6 4 1
5 11 19 10 8
8 5 0 37 11
2 6 1 15 14
4 0 21 1 15
5 4 3 28 2
14 17 13 0 21
3 1 8 2 9
13 3 3 8 0
4 1 17 31 23
41 8 9 0 20
0 0 9 8 11
30 4 8 1 26
8 2 2 10 9
18 7 4 0 16
5 1 9 0 7
2 4 1 6 0
7 1 7 5 2
2 2 21 15 9
5 11 3 20 12
29 1 0 3 2
0 15 15 15 5
2 2 6 10 4
3 23 5 7 18
2 4 3 22 21
0 4 14 17 18
7 1 0 2 11
39 16 15 15 3
7 14 16 4 30
3 3 0 1 15
9 8 34 7 0
5 4 7 3 2
6 5 4 11 0
8 14 2 3 4
28 2 1 3 0
7 33 7 9 29
4 4 1 14 7
5 10 11 1 22
11 9 16 6 16
0 2 9 7 3
5 2 5 8 27
10 19 12 28 1
6 7 3 2 16
6 17 0 6 13
9 1 0 1 26
18 3 2 14 23
4 24 36 0 21
1 5 4 4 5
0 15 17 15 15
5 16 25 3 2
0 1 8 1 6
3 26 7 11 10
0 4 1 7 9
2 12 8 29 4
18 4 5 12 25
6 12 5 10 0
7 0 12 20 14
2 1 31 28 2
1 3 4 0 11
3 2 5 5 4
8 5 6 22 14
9 10 10 5 9
10 3 10 3 14
15 12 19 3 20
2 14 19 14 12
12 0 12 3 12
17 14 18 6 9
16 10 0 9 2
5 1 0 1 0
1 8 13 23 14
15 11 17 4 13
8 4 2 5 0
4 1 2 13 1
17 1 15 16 27
1 9 16 3 47
16 17 10 16 7
7 18 11 2 2
15 31 15 0 0
4 15 19 11 1
6 61 1 18 0
42 4 18 11 3
6 9 18 18 10
36 22 14 6 11
5 11 9 0 3
10 1 20 12 2
8 0 6 6 3
5 13 5 0 4
3 1 5 0 19
27 8 19 6 13
10 12 9 3 13
8 12 11 8 5
3 13 4 1 12
2 19 52 12 10
8 14 12 2 0
17 14 0 26 22
1 5 2 7 11
16 12 34 2 1
21 2 14 1 19
8 25 18 1 26
9 5 18 4 7
0 9 10 5 2
8 10 2 0 5
2 2 11 26 3
27 2 10 13 8
5 4 11 0 2
18 0 19 1 4
6 21 7 1 11
1 4 3 5 44
2 10 6 1 2
31 1 19 6 22
0 5 2 5 2
2 10 11 1 6
15 10 3 0 5
5 10 0 0 8
5 3 0 4 0
13 1 4 24 11
4 18 15 6 4
5 13 20 2 2
2 6 0 0 4
2 5 14 12 8
1 4 0 4 5
0 15 17 20 8
3 11 2 26 24
4 6 5 8 0
6 6 7 9 6
16 12 15 7 4
5 9 0 26 21
1 0 25 3 17
11 4 1 1 7
8 13 18 1 4
15 1 21 16 32
4 6 1 9 24
1 4 10 13 7
17 15 8 3 0
9 24 2 26 8
0 1 2 5 1
3 2 3 7 19
4 3 6 2 4
4 2 5 8 5
7 5 8 6 4
7 9 10 32 5
11 4 9 7 29
12 2 26 5 6
9 48 2 3 16
1 14 5 1 5
7 3 6 9 16
3 4 3 0 8
28 0 0 4 13
6 25 31 20 8
0 1 19 19 6
17 2 1 6 10
3 37 7 4 4
21 19 4 4 3
28 14 8 3 0
2 3 10 4 30
14 15 29 1 1
4 9 16 2 6
8 2 2 0 23
8 11 2 9 9
5 10 39 7 7
0 9 6 4 13
2 2 0 22 7
11 10 8 3 2
11 0 7 19 23
9 2 8 10 3
2 9 21 20 26
17 1 2 9 58
15 10 12 2 4
2 4 9 1 1
10 19 8 2 12
13 16 11 12 15
1 4 3 3 0
10 12 12 5 4
14 1 32 31 1
2 4 35 1 12
14 8 7 1 2
13 2 10 9 3
17 3 4 6 2
3 8 2 0 3
3 2 2 17 1
4 11 14 1 5
0 11 22 20 2
0 10 11 5 43
0 1 4 0 4
11 4 5 1 16
4 38 3 0 3
0 4 0 1 7
37 1 21 37 3
9 4 2 4 0
6 25 7 1 3
13 19 6 11 4
5 10 3 25 4
5 20 3 28 0
10 14 4 34 8
7 16 1 16 4
25 3 12 1 7
3 9 37 29 37
3 4 2 5 11
5 0 1 5 18
2 2 3 3 5
10 4 7 0 0
0 1 2 1 11
15 3 1 16 14
2 12 13 29 3
44 1 14 7 10
10 10 5 6 24
5 29 0 4 8
9 22 3 37 0
16 0 7 12 3
2 10 3 9 6
15 4 2 1 1
14 14 0 4 5
23 5 6 7 5
10 21 6 3 6
11 7 8 6 20
1 11 1 7 76
1 1 3 1 13
17 7 4 0 1
5 4 19 2 6
2 7 2 15 6
0 1 1 14 4
9 7 11 17 1
1 3 0 5 4
13 3 24 19 1
30 8 2 6 4
0 16 9 11 19
1 27 4 9 0
9 13 1 13 9
0 3 0 10 11
9 16 33 15 1
2 1 1 2 6
10 8 8 5 13
3 11 4 9 1
3 6 2 2 7
21 4 2 0 24
11 4 6 6 22
1 5 4 2 3
10 20 0 1 0
7 6 20 0 4
1 4 4 31 3
3 9 7 1 1
3 13 16 6 3
20 6 3 10 2
5 1 7 11 1
11 0 16 8 16
11 4 9 5 10
18 14 21 5 6
41 3 0 31 54
11 7 14 4 3
8 17 11 12 2
17 17 12 3 3
0 30 1 10 1
17 3 9 0 6
5 5 1 0 5
2 21 0 0 2
0 13 5 26 12
1 8 0 11 2
5 0 4 11 4
5 5 35 4 0
17 0 6 12 9
1 8 7 6 34
7 13 15 30 19
8 19 1 7 2
1 3 3 3 3
12 11 3 10 0
53 3 6 19 9
29 1 19 21 2
9 6 8 18 12
4 30 3 0 4
4 23 10 15 10
2 10 0 3 1
4 4 1 17 4
5 4 5 5 12
0 6 0 9 0
22 0 7 7 5
35 4 3 16 0
4 3 5 13 11
2 2 12 0 1
4 10 4 5 0
3 15 8 2 12
1 15 1 7 6
18 3 20 15 24
4 25 20 5 6
29 5 3 4 30
13 0 7 17 7
1 24 15 5 11
15 9 5 5 3
4 31 4 9 0
1 5 3 9 17
0 24 5 7 9
10 28 6 1 2
19 4 3 1 1
21 9 2 2 17
2 15 1 3 41
3 38 39 1 12
1 7 14 22 2
7 13 8 1 1
7 1 16 18 4
7 9 1 11 1
5 0 3 0 0
0 3 1 3 0
0 4 12 3 0
45 1 25 4 4
15 1 2 3 0
3 20 28 0 3
36 11 4 19 9
3 9 10 8 12
15 0 2 7 4
9 6 9 5 7
12 4 4 38 19
6 4 5 7 1
23 3 26 3 19
25 8 0 0 17
17 3 31 3 5
34 8 2 15 6
23 3 20 11 8
39 5 1 0 0
13 1 0 0 2
1 12 13 6 2
14 5 7 12 1
14 10 35 12 3
3 11 0 3 13
4 7 18 5 2
16 3 16 1 14
7 11 3 0 0
17 4 2 1 23
26 6 5 20 15
11 5 23 9 9
2 0 1 13 4
1 4 17 55 2
7 0 4 10 1
7 9 27 0 7
13 20 4 26 30
7 3 0 0 1
11 2 25 11 1
8 4 16 0 11
3 9 16 0 23
9 0 4 6 5
28 3 5 4 2
20 2 2 10 52
1 14 2 2 5
5 1 5 6 11
8 4 26 0 4
25 12 8 16 1
0 11 5 0 73
10 49 14 54 10
0 0 0 14 1
5 10 18 1 4
2 8 4 9 5
4 15 5 11 4
4 2 4 2 2
0 16 2 5 2
2 3 4 10 0
17 1 39 29 7
11 7 3 0 17
19 17 39 0 5
12 4 13 6 7
1 4 11 4 3
10 18 3 2 6
1 18 4 5 13
2 10 10 1 6
2 7 4 5 5
1 1 24 13 0
10 9 9 9 3
0 1 12 6 9
7 3 13 7 1
8 11 0 18 3
3 9 10 1 4
13 4 7 4 15
2 1 14 4 4
15 1 5 20 3
6 10 3 6 0
9 8 0 10 2
4 1 13 2 4
2 2 15 0 25
0 3 20 8 14
0 3 0 1 0
2 3 3 40 5
25 9 4 1 0
8 0 10 9 0
3 7 31 1 1
16 8 0 0 8
4 2 21 4 5
1 1 24 8 1
27 6 11 18 4
1 8 3 2 5
19 8 17 4 5
1 2 11 2 22
23 51 3 4 0
1 0 10 1 0
1 24 0 42 5
2 1 15 6 7
6 0 8 2 24
12 28 7 15 4
4 14 17 14 24
10 29 3 0 6
7 3 0 0 29
4 1 4 0 21
1 7 10 6 0
3 3 8 40 28
7 7 26 4 6
18 39 2 4 66
2 0 5 1 27
3 1 16 29 5
16 0 3 3 0
6 3 9 5 4
8 11 0 0 21
19 2 14 7 9
2 4 2 16 2
2 2 8 3 10
0 40 2 0 1
1 10 5 31 39
20 9 5 3 9
7 13 14 1 2
0 23 12 12 17
0 16 5 7 7
4 8 8 5 3
7 15 15 9 20
1 16 2 6 20
12 5 0 12 6
2 5 17 1 5
1 49 5 7 4
6 2 3 6 6
8 2 3 9 0
14 11 8 10 10
1 1 3 4 10
5 2 6 0 6
4 6 9 1 0
5 8 2 6 5
10 15 26 1 0
1 2 4 4 8
6 6 14 21 7
25 2 0 8 2
6 5 8 32 18
2 12 3 1 7
13 33 8 46 2
23 1 5 13 13
31 8 19 1 24
2 5 12 5 4
4 4 9 6 18
2 2 7 16 23
5 0 1 3 3
17 13 8 12 0
4 0 17 0 9
9 7 29 10 8
3 28 1 25 0
25 10 0 5 0
1 17 4 1 4
0 4 11 7 1
20 21 8 3 12
33 30 10 9 0
12 13 6 0 2
22 10 3 14 1
9 0 6 2 12
11 4 19 1 40
5 8 4 5 6
13 0 5 6 15
16 13 6 3 28
0 7 8 48 15
0 29 15 8 24
0 6 5 9 11
2 15 28 4 26
7 3 17 15 2
17 1 30 4 5
1 7 4 2 10
1 5 22 1 16
13 16 15 2 10
6 4 5 3 5
30 5 1 24 6
5 39 1 20 17
35 3 31 0 0
30 5 5 19 9
4 2 9 0 0
10 19 2 2 4
5 2 11 6 1
4 7 8 3 6
2 0 12 1 3
1 12 10 10 10
17 22 5 9 27
24 10 0 7 3
6 20 17 3 2
9 5 9 3 5
0 15 1 1 6
0 24 15 1 1
18 1 5 3 4
23 1 1 7 4
2 7 14 2 26
17 2 12 8 10
5 0 6 4 2
2 12 13 13 37
27 18 1 1 9
22 3 5 3 27
19 1 5 5 3
0 16 1 13 13
8 2 4 24 7
3 4 2 30 6
5 6 0 4 7
7 37 1 2 16
12 11 4 2 10
12 1 5 2 0
9 0 15 26 34
2 1 1 26 4
5 1 16 3 0
7 8 1 22 6
2 22 12 8 1
28 2 0 11 18
1 10 0 4 4
2 1 7 1 2
5 22 39 8 3
13 4 25 4 2
15 7 0 8 3
1 12 17 2 10
3 11 0 6 2
13 27 12 0 14
5 19 8 2 4
14 2 4 16 29
34 21 4 11 8
1 6 1 29 3
7 3 0 3 3
12 4 0 6 0
9 0 19 7 4
5 24 1 49 4
4 1 6 7 27
39 5 4 16 9
17 5 24 5 7
10 24 11 11 12
4 6 1 8 16
5 49 14 16 10
5 8 1 3 1
0 14 4 4 44
0 14 11 8 1
6 4 4 3 15
1 4 0 9 9
12 3 3 18 6
1 2 16 9 13
5 1 17 12 7
1 13 6 0 5
4 0 0 3 0
13 15 3 9 20
24 0 3 12 2
4 12 7 0 1
1 2 3 5 0
34 14 1 24 9
0 14 0 8 16
1 8 7 0 7
0 19 7 3 4
4 16 2 22 9
5 7 10 7 22
2 10 4 24 2
14 16 4 6 4
2 1 6 7 6
26 14 11 2 8
6 0 10 5 7
3 2 11 4 18
3 3 23 0 1
1 7 11 4 9
3 1 18 46 7
23 0 5 16 6
3 8 5 0 10
2 2 8 1 4
10 4 40 28 2
20 0 2 4 6
1 20 4 6 5
1 14 0 8 21
8 6 1 2 1
3 1 25 0 0
1 7 14 49 2
9 8 3 6 0
12 0 0 3 26
5 19 3 4 0
1 1 7 13 2
22 0 12 13 6
2 7 12 25 15
3 1 7 2 21
22 14 2 5 7
8 1 8 1 0
6 7 1 19 16
11 24 45 9 2
11 0 15 11 25
2 6 1 7 16
8 31 5 4 19
9 2 7 6 6
7 11 11 5 14
1 12 3 12 0
4 11 0 13 8
13 17 2 3 6
1 8 14 11 10
2 15 2 1 5
1 27 44 7 14
1 8 4 2 3
4 32 0 6 5
5 28 16 7 14
23 37 3 23 12
12 0 40 7 24
12 18 14 0 1
1 0 5 13 23
4 4 10 2 2
26 18 6 5 4
0 21 1 0 5
20 5 7 14 1
0 24 25 0 1
5 0 7 6 9
47 14 31 0 2
4 12 26 26 1
3 31 6 3 14
2 2 2 11 23
14 11 0 0 3
1 33 11 6 7
4 1 6 16 2
13 13 5 3 3
6 26 5 11 6
11 2 2 7 17
10 19 6 14 5
5 1 11 3 11
3 1 1 8 27
24 15 4 1 15
4 6 3 31 15
0 6 8 0 6
0 4 3 5 6
5 9 4 0 2
4 3 1 6 9
5 13 0 2 2
2 3 1 24 4
13 1 2 6 16
44 6 9 6 12
21 5 4 8 23
18 5 0 17 16
21 26 1 5 2
2 1 20 7 3
18 11 3 4 11
4 24 1 3 17
9 1 36 4 13
9 0 13 4 26
3 5 6 6 25
7 1 2 0 2
9 3 27 16 18
13 1 2 0 0
1 8 5 2 11
5 3 4 8 1
19 5 21 8 1
6 15 18 3 7
4 2 7 2 2
4 2 14 16 2
4 5 3 24 19
16 7 0 1 6
6 5 6 1 4
14 8 42 19 17
19 19 5 2 5
12 3 2 30 2
10 31 14 30 8
11 2 7 4 8
6 6 5 3 16
4 11 1 24 5
47 15 6 16 12
32 3 9 6 2
3 1 7 14 11
11 8 1 2 9
21 7 8 7 4
3 4 2 8 5
21 3 0 14 2
2 19 2 7 15
2 22 10 35 4
0 0 2 26 27
1 38 1 1 7
1 1 2 25 5
1 4 0 2 24
17 44 9 3 14
0 4 18 0 6
7 16 5 5 13
10 6 9 11 2
16 7 4 0 1
49 10 3 4 5
0 4 25 4 1
0 2 20 8 4
7 0 1 3 19
6 11 1 4 0
0 10 5 13 16
5 7 11 0 23
35 1 0 7 8
2 0 17 9 18
14 2 7 0 8
3 3 1 17 9
1 1 24 7 6
18 20 3 8 0
8 30 18 0 24
16 0 0 2 1
2 10 12 31 5
10 4 14 33 0
7 3 11 0 0
26 0 1 4 14
1 1 1 4 18
25 4 0 14 1
36 15 1 8 12
2 4 1 24 8
23 26 16 0 7
2 18 3 8 72
17 24 3 33 42
1 4 1 7 2
3 3 5 2 32
4 7 33 4 0
16 15 2 18 2
0 10 5 2 20
0 8 5 17 9
6 7 15 1 2
0 1 0 2 7
0 0 2 9 24
13 7 0 20 2
1 5 3 9 1
1 9 3 0 22
6 25 0 1 5
2 2 35 79 10
17 18 64 2 11
26 17 9 5 7
2 16 6 1 0
8 13 0 21 4
3 21 40 24 3
12 28 8 7 0
3 22 2 3 0
5 40 1 5 1
34 7 6 2 6
2 0 17 5 3
6 13 6 20 10
19 9 2 4 27
0 12 14 4 0
5 6 2 0 4
3 8 4 43 2
8 7 15 23 5
1 19 10 28 7
9 4 11 13 8
6 2 3 17 6
25 4 3 4 2
3 6 0 1 0
5 34 25 0 6
12 8 2 3 16
15 3 1 4 9
7 2 1 19 15
5 3 0 38 3
0 17 7 3 5
4 10 2 5 1
6 1 6 4 6
8 1 22 8 16
0 0 16 25 1
0 9 4 15 6
15 5 9 8 22
16 9 5 0 49
12 13 24 9 25
4 0 17 15 2
13 7 0 3 1
4 12 0 8 20
4 19 6 0 3
25 1 2 2 2
7 0 2 9 3
0 4 12 3 1
8 3 6 8 8
2 9 5 5 4
3 5 0 19 1
4 9 4 9 3
1 3 3 2 1
19 2 9 17 29
23 2 11 10 39
11 8 9 10 6
6 18 12 13 6
6 4 0 2 2
6 2 2 2 1
3 14 17 6 10
6 4 32 4 34
1 34 2 12 9
16 15 11 0 13
3 29 4 19 0
0 16 1 0 10
11 8 21 8 1
3 26 7 1 9
1 0 0 3 8
15 2 0 14 2
2 8 2 3 7
5 1 14 8 14
0 1 22 6 1
9 2 2 0 8
26 7 0 1 3
1 0 7 15 2
11 1 19 43 5
4 2 33 2 9
9 9 21 3 2
4 17 4 3 25
0 23 0 8 14
18 22 19 2 7
3 1 0 3 2
1 1 46 10 11
10 10 24 24 1
3 3 12 2 21
16 0 8 5 1
0 9 1 4 9
9 11 4 0 25
3 2 9 0 0
12 9 4 10 2
11 1 3 21 27
24 4 0 2 18
5 27 2 2 1
12 2 9 4 0
3 2 2 21 30
1 20 2 12 2
4 1 45 8 15
3 13 10 6 3
12 10 0 2 31
22 0 0 4 39
6 0 3 1 8
4 1 42 0 1
2 12 3 3 24
4 6 0 5 7
4 7 15 7 5
4 1 1 10 10
2 9 9 5 6
2 4 9 14 13
5 12 34 9 4
0 34 3 5 40
37 1 4 1 10
8 26 2 14 13
1 0 1 13 10
10 16 12 34 10
28 0 5 7 3
2 0 19 17 21
2 11 10 13 6
7 23 6 0 5
11 1 7 14 12
1 37 11 17 8
10 25 1 6 5
3 1 1 13 11
1 14 1 8 9
8 0 3 25 18
6 2 1 0 10
6 30 8 2 10
8 5 64 5 23
3 14 2 0 5
4 3 8 5 0
6 10 7 16 4
11 2 4 5 0
16 4 10 7 4
0 0 3 16 4
8 0 4 1 2
13 5 3 1 21
10 0 11 12 2
3 5 6 4 2
5 19 6 11 6
1 25 3 1 23
11 11 2 0 8
14 9 2 7 8
11 55 19 1 10
6 1 27 0 2
12 4 7 6 9
1 0 38 1 3
17 10 9 4 13
57 0 16 20 8
12 5 6 2 0
9 7 28 16 5
1 5 11 31 4
7 1 8 9 1
10 13 6 10 2
0 1 5 3 7
3 10 9 1 30
7 1 6 3 4
10 0 5 2 0
2 17 0 1 8
1 27 9 1 7
0 5 2 1 0
0 3 14 0 0
13 0 10 1 4
4 5 4 16 0
18 12 9 3 5
23 4 1 2 6
18 17 4 12 1
0 15 16 6 1
3 9 16 6 2
16 5 7 7 22
16 27 35 2 4
2 0 0 0 5
1 2 0 2 12
17 7 6 11 4
3 0 11 20 19
4 24 29 11 14
6 15 1 1 6
3 11 4 2 0
17 13 5 5 2
25 13 10 14 1
4 0 0 0 2
2 2 20 0 28
1 2 28 2 4
10 8 14 10 9
0 29 2 16 6
63 7 4 5 0
4 0 1 1 0
3 1 5 9 5
28 13 15 22 2
11 22 3 2 0
19 7 0 5 25
5 14 1 5 30
16 8 2 0 1
7 2 18 15 15
2 3 4 6 5
18 9 5 1 6
0 3 7 3 10
1 0 3 7 11
31 12 2 0 1
5 12 27 7 23
1 18 1 0 3
1 0 19 5 3
2 5 2 6 4
12 4 0 2 14
16 10 11 9 7
17 16 16 5 14
1 0 6 12 0
0 18 10 16 3
15 9 33 1 15
26 2 5 9 12
0 3 8 5 2
6 3 2 22 0
3 21 4 12 6
3 17 6 4 2
12 15 6 4 12
4 4 0 14 0
32 0 0 18 4
23 4 61 14 9
4 5 11 7 2
5 18 10 22 0
10 0 0 9 16
1 10 14 1 6
33 0 25 5 19
1 14 0 1 3
6 7 1 18 17
3 3 12 9 11
0 11 4 5 6
2 0 11 15 3
12 15 14 13 2
1 31 11 2 12
1 4 3 2 16
14 1 17 0 13
0 7 7 3 10
3 7 9 4 2
2 8 1 3 2
6 6 18 0 9
18 13 9 13 18
6 15 5 13 13
4 16 2 5 11
14 6 36 5 13
0 12 4 16 2
7 6 6 13 11
6 2 16 4 3
33 27 26 7 1
2 0 0 4 34
25 6 8 7 1
3 6 10 0 3
8 6 1 4 3
12 17 1 4 2
6 22 5 9 4
10 5 30 1 10
22 3 14 9 0
0 6 0 4 6
1 1 18 1 1
6 2 2 13 3
8 41 5 29 1
7 15 6 6 1
3 16 6 11 5
5 5 8 11 26
35 3 7 27 43
28 3 0 1 6
17 9 34 17 5
0 0 3 4 14
4 14 4 17 19
16 4 14 0 25
39 1 7 7 13
2 0 9 1 5
22 0 5 1 38
2 2 25 0 13
27 16 0 7 4
8 1 14 3 24
13 7 4 3 6
2 9 19 3 18
6 3 0 35 0
25 8 7 13 4
1 14 3 7 5
14 5 2 17 53
33 9 13 31 23
1 11 14 16 2
1 4 6 22 12
7 1 0 1 31
17 5 22 18 8
25 1 40 6 5
5 27 1 18 20
20 9 2 18 7
3 21 5 2 2
1 1 5 32 0
0 7 3 1 6
3 10 25 19 2
8 7 11 7 13
0 7 1 9 6
8 10 15 14 10
13 23 8 12 4
3 12 0 12 16
11 3 11 20 2
14 23 7 9 1
1 1 1 13 7
28 3 7 36 1
4 0 5 3 16
1 0 3 5 5
6 29 2 7 13
8 0 15 1 0
3 6 9 27 15
1 6 48 14 1
6 4 1 6 8
0 2 24 16 9
2 7 38 1 15
12 2 7 4 13
6 11 2 4 1
18 34 0 8 20
9 4 1 1 6
8 4 5 2 21
14 14 9 7 5
1 4 24 3 0
10 11 4 0 2
2 5 22 6 1
22 3 3 1 3
8 4 13 32 40
0 29 10 3 4
39 3 14 10 6
15 0 17 18 8
12 11 3 14 1
1 5 11 10 5
0 10 14 19 5
0 1 0 3 17
0 0 2 31 11
7 1 12 15 4
17 7 0 5 1
0 9 26 5 28
6 2 2 12 8
12 8 20 7 25
0 0 0 14 5
4 15 3 3 12
11 0 3 17 29
5 26 14 17 2
14 0 6 3 5
13 16 5 19 1
23 35 5 14 23
0 16 5 3 0
12 3 23 4 3
1 9 7 14 1
4 22 8 9 3
1 21 3 1 0
15 1 28 8 14
0 1 1 2 11
8 29 6 14 5
6 6 14 4 0
8 18 12 7 0
20 5 1 4 13
0 2 8 14 1
11 10 0 19 6
3 7 21 68 15
24 14 2 10 4
3 8 0 8 1
6 3 7 6 0
10 5 4 6 1
13 0 11 0 10
10 8 12 7 7
4 10 20 0 2
18 3 9 6 6
0 2 9 1 26
0 2 7 20 1
2 0 3 13 1
23 3 1 32 3
3 1 14 29 12
4 0 15 5 2
10 10 25 0 9
7 4 15 1 9
12 0 4 31 1
3 11 10 1 1
1 6 8 9 1
18 20 1 19 1
19 1 17 10 6
13 10 5 1 4
0 7 1 6 6
2 12 13 0 19
13 25 0 53 4
6 3 0 8 7
7 15 18 1 18
0 9 1 3 9
2 13 46 6 2
7 3 12 3 3
69 2 3 1 11
5 14 8 7 1
19 2 2 7 0
2 8 16 16 2
1 15 6 28 34
1 11 2 6 8
1 16 3 5 4
1 12 0 3 3
7 3 38 9 12
2 7 9 3 3
3 14 39 1 6
12 18 16 3 6
9 1 2 11 7
43 4 33 7 11
2 11 4 1 12
2 9 2 13 9
0 1 17 5 3
0 49 2 35 27
7 3 5 1 21
31 0 29 7 11
0 11 6 0 1
0 7 3 1 3
5 9 6 24 10
6 14 1 2 15
8 2 11 4 2
7 8 10 0 10
9 1 2 6 19
12 5 19 35 0
11 6 1 3 9
9 13 2 7 19
0 20 26 3 6
10 3 1 7 6
2 0 7 13 0
17 1 5 2 8
16 10 13 8 11
1 17 3 3 11
2 14 0 1 12
14 0 32 14 5
33 0 26 1 9
21 13 0 4 5
5 20 2 2 39
8 15 6 9 0
19 33 1 22 7
1 7 0 21 0
26 2 17 2 2
5 23 5 7 10
1 3 6 5 11
5 20 3 3 1
7 0 1 3 6
9 4 9 0 14
10 19 19 1 1
2 1 14 40 5
1 20 8 8 29
11 3 0 0 2
5 0 0 5 2
14 33 9 5 3
0 9 9 7 3
4 8 3 0 11
0 11 0 11 5
3 1 2 2 1
20 2 11 46 5
0 8 7 4 13
58 20 7 7 2
8 9 0 17 5
23 2 2 9 15
27 11 10 13 2
20 12 2 2 0
20 0 9 0 1
21 18 1 17 5
16 43 1 12 3
2 23 1 5 21
9 1 13 1 2
0 47 28 0 24
0 1 25 11 9
1 0 0 5 8
49 37 10 15 2
2 3 0 11 21
7 28 5 3 18
25 10 0 3 4
0 6 10 4 23
13 16 2 13 0
3 26 20 1 4
3 9 3 1 7
28 3 22 9 4
23 8 36 2 14
28 0 8 17 17
25 3 13 0 24
1 0 10 55 9
4 2 8 3 4
6 24 2 4 2
5 0 1 13 19
10 11 1 35 3
3 6 3 7 2
2 2 15 11 4
25 9 9 13 6
5 6 6 11 17
5 22 13 15 3
7 6 0 2 24
6 0 9 13 23
1 8 17 6 6
25 7 2 20 0
6 1 0 23 1
17 2 2 4 8
3 18 2 23 17
3 10 7 10 19
6 14 25 4 9
1 9 22 7 10
21 5 10 3 0
11 25 16 6 1
4 1 26 16 0
6 1 5 0 6
14 12 14 5 2
1 1 2 4 23
5 14 10 2 6
9 0 3 2 8
0 12 12 0 1
1 1 11 20 15
32 10 10 2 1
10 2 4 5 19
14 2 2 4 8
3 12 6 2 6
6 8 0 2 5
13 20 3 17 7
3 2 27 0 8
3 2 0 7 9
6 12 8 18 4
21 0 0 17 15
0 6 18 1 22
3 2 0 13 0
2 18 3 7 5
0 1 0 5 15
1 1 1 21 1
33 2 11 6 12
3 9 9 2 10
1 31 3 4 82
12 13 18 7 3
4 7 12 13 20
6 14 11 3 15
23 15 6 21 9
9 7 0 13 5
2 11 8 12 1
10 4 5 2 1
1 44 27 3 1
1 8 28 7 0
5 12 16 3 2
20 4 7 7 2
22 1 1 15 17
3 27 9 10 16
2 1 3 0 2
3 20 45 22 5
9 0 21 2 10
7 2 0 2 12
1 1 8 12 0
13 3 3 10 1
1 7 3 35 28
18 8 12 0 0
6 0 4 23 2
1 8 2 6 1
5 4 1 3 3
41 10 6 5 7
5 41 12 32 1
2 1 1 4 21
8 2 5 6 3
2 17 23 4 18
15 38 24 15 9
22 19 2 4 26
1 7 1 7 22
23 7 10 0 7
16 1 11 7 14
10 9 1 3 3
17 1 11 55 1
20 17 8 0 8
0 3 3 5 4
15 3 1 7 21
8 10 8 20 10
5 9 17 1 7
9 3 12 0 5
12 26 13 45 50
5 1 5 2 0
6 17 2 9 4
2 0 14 18 5
3 12 3 30 1
8 3 0 0 9
3 5 4 1 33
20 28 0 2 5
3 0 11 9 8
9 7 1 25 8
13 8 2 13 8
10 3 0 4 2
4 3 5 7 4
11 3 25 0 3
2 17 0 3 21
6 23 4 27 3
10 5 31 8 0
6 34 25 23 3
3 9 2 14 0
1 0 32 1 15
2 2 11 29 12
10 3 16 0 3
6 2 5 2 4
10 2 9 4 0
3 3 25 7 5
3 14 9 39 17
4 3 12 0 10
16 4 11 5 15
7 0 10 5 10
1 3 1 28 9
5 23 8 15 4
1 7 17 1 0
5 3 11 25 13
27 10 2 6 0
3 6 4 4 11
0 11 26 0 9
6 3 15 4 5
7 2 36 4 1
27 2 22 2 6
17 8 0 5 3
0 8 4 0 4
8 0 0 13 28
5 0 0 25 34
21 0 10 5 2
17 25 5 9 26
8 1 2 5 47
40 10 16 4 22
4 0 8 9 2
6 5 10 63 5
15 3 5 3 5
7 6 1 0 0
32 2 11 5 5
9 1 6 24 32
12 4 42 26 21
6 2 2 1 6
10 1 6 27 6
36 18 0 0 36
0 15 12 0 11
1 1 0 47 6
5 4 12 4 5
10 13 6 1 4
22 2 8 1 5
4 29 2 2 1
6 4 9 16 39
3 0 2 2 13
19 2 9 18 0
0 8 36 8 1
12 4 20 18 7
2 2 2 3 7
7 3 1 12 23
4 16 19 10 13
2 0 12 0 5
10 5 3 20 23
5 2 2 1 2
7 12 0 11 0
4 44 6 2 7
0 2 9 13 1
2 1 0 4 3
8 2 12 3 14
1 9 3 0 13
37 7 9 25 0
22 29 8 12 2
5 0 2 1 8
18 1 2 2 15
25 18 16 6 0
5 14 1 3 4
3 15 3 6 10
1 13 9 3 12
4 1 30 19 10
21 4 6 9 3
11 12 13 2 11
15 1 1 9 0
4 5 1 23 1
2 15 6 1 27
2 9 4 4 17
16 3 3 17 3
5 0 11 9 2
8 2 6 13 7
26 8 22 13 1
9 1 18 12 13
24 0 1 16 21
2 6 1 10 4
10 11 6 2 7
19 52 5 8 1
0 9 5 3 5
1 6 4 0 0
24 17 23 5 15
1 10 3 3 1
3 8 2 10 5
7 23 8 6 2
1 4 4 1 3
4 1 5 18 14
10 7 7 27 12
6 7 3 6 15
6 0 13 3 1
36 6 4 0 5
20 2 10 3 11
39 25 1 1 1
39 11 2 5 5
19 1 14 11 4
6 40 17 8 2
3 4 23 12 19
13 18 0 8 4
1 6 11 2 13
38 0 7 4 0
6 6 0 13 19
16 18 3 3 6
1 7 8 5 11
11 0 15 21 21
6 6 12 26 3
5 1 9 16 8
5 6 21 10 3
8 17 0 8 4
39 13 9 5 39
31 61 38 5 2
11 14 18 4 17
1 7 7 4 17
5 1 0 6 2
13 11 4 0 1
9 27 5 2 4
35 14 8 1 11
10 49 11 3 3
2 11 11 0 12
14 42 3 3 13
1 5 1 24 2
6 1 1 4 19
5 5 0 3 1
11 10 45 8 10
0 1 0 36 11
5 0 2 5 5
11 20 6 12 0
0 5 49 0 2
4 13 9 19 14
6 15 1 10 1
8 16 25 33 40
6 24 4 4 7
11 5 0 15 7
9 10 0 23 1
13 2 15 11 4
8 4 19 2 20
24 0 9 0 13
12 1 5 3 5
5 7 28 3 9
19 7 1 10 1
19 3 0 2 21
21 2 6 16 3
5 2 10 6 4
8 0 9 2 41
2 30 7 3 6
9 26 1 0 3
1 11 7 13 6
7 5 6 20 1
4 9 11 19 1
2 0 1 5 20
1 21 5 8 10
35 17 2 4 1
5 15 4 12 11
10 18 11 5 3
36 9 0 13 20
10 0 8 26 9
6 18 15 27 5
4 12 5 5 12
4 10 1 16 0
19 11 4 2 5
5 1 24 7 5
14 3 15 9 4
4 15 6 8 0
57 5 1 15 2
27 12 8 14 31
4 0 6 21 2
8 10 18 27 6
5 28 2 16 29
0 10 9 1 12
22 23 15 0 8
7 46 3 4 13
9 0 8 48 1
13 5 16 14 8
8 39 5 3 8
11 0 10 6 2
8 15 4 1 1
7 6 23 1 4
28 5 7 2 5
7 16 44 29 6
3 7 13 12 6
5 11 7 6 2
1 12 19 1 2
2 4 2 14 41
5 8 1 3 3
5 14 8 0 7
0 2 6 4 1
1 0 9 4 3
2 3 29 7 13
10 1 11 2 16
28 2 8 15 13
2 4 15 6 48
10 4 0 8 4
10 3 14 16 16
7 2 3 3 9
5 5 48 19 4
14 19 0 42 17
12 13 27 3 1
37 10 6 2 35
7 5 3 1 2
10 4 7 3 10
1 1 8 9 5
22 18 1 15 7
5 37 48 23 5
23 12 10 20 25
7 2 59 19 1
23 18 42 13 8
23 5 21 0 21
8 10 3 11 15
12 0 12 0 1
8 13 19 16 8
3 5 4 4 7
8 19 4 8 4
8 11 12 21 9
8 18 3 12 3
32 1 6 6 0
8 27 11 18 16
0 13 6 4 2
4 8 0 0 1
5 40 2 11 7
10 2 4 18 7
20 16 7 7 9
20 0 0 21 1
1 7 16 5 3
2 16 1 20 5
28 27 13 6 5
6 4 21 14 5
31 0 8 22 39
2 5 10 10 1
7 27 10 2 1
13 18 1 1 10
9 6 4 1 16
5 8 35 0 1
17 9 33 2 5
3 21 22 2 46
11 38 2 2 18
8 7 26 5 8
3 1 0 5 12
4 1 0 0 5
1 4 0 10 12
4 2 1 8 11
3 7 2 9 3
3 11 11 7 40
11 1 23 4 14
3 6 13 15 9
53 1 4 3 1
8 1 6 1 4
7 2 1 11 2
3 23 4 32 1
1 5 6 5 3
7 10 0 4 3
7 7 1 6 8
3 0 17 3 16
2 2 2 27 3
3 2 17 0 3
0 5 5 8 9
20 6 3 13 8
1 10 15 36 28
8 9 25 4 1
0 8 7 13 10
1 3 10 20 2
21 16 10 8 6
14 0 14 0 0
5 2 0 8 0
2 14 4 12 1
1 3 33 1 20
15 6 26 0 31
2 12 2 8 51
5 19 31 1 4
3 17 6 9 4
0 16 18 20 2
6 2 1 6 0
6 13 11 3 1
19 15 46 14 1
6 37 28 5 4
20 40 22 2 8
20 0 13 2 5
7 57 2 7 10
5 21 10 1 11
0 1 12 1 0
13 5 2 6 1
13 2 15 20 17
2 2 9 18 0
27 1 1 12 2
7 31 0 6 0
7 2 15 9 5
19 4 4 26 1
5 5 8 23 6
10 21 1 4 0
5 1 5 3 18
7 5 8 3 4
7 3 21 26 10
25 0 6 2 12
21 2 22 12 2
17 3 5 4 13
10 9 0 0 17
3 7
