4 6 1 15 7
3 1 0 9 2
3 16 0 19 21
6 14 24 10 6
2 2 5 8 5
32 1 9 24 9
33 2 4 4 11
2 31 2 7 14
1 1 3 10 6
18 0 4 16 4
8 1 2 25 1
3 8 6 3 10
7 21 41 2 18
5 10 10 3 2
3 7 0 7 3
13 5 8 0 13
0 0 0 0 0
4 4 0 4 10
5 6 6 29 49
7 5 15 16 4
29 9 1 1 7
1 3 22 11 8
11 2 0 8 0
4 3 11 22 1
4 17 4 13 1
2 9 10 2 36
2 3 2 1 10
8 32 2 1 2
10 1 15 15 26
7 3 0 8 0
3 15 11 0 17
10 7 7 2 0
2 1 6 3 3
11 8 12 0 2
7 9 31 1 6
21 1 22 34 12
3 22 4 7 0
2 25 2 13 9
16 2 11 11 21
1 3 13 8 31
1 1 14 2 8
17 6 10 0 5
8 2 0 9 4
4 5 3 14 8
15 0 1 9 17
9 1 0 8 2
1 3 3 6 9
10 4 1 3 3
1 8 17 8 0
4 5 2 1 5
0 11 9 20 0
16 12 7 5 4
0 6 5 4 54
13 12 0 11 6
20 5 24 2 4
2 2 9 4 6
12 17 5 8 5
4 2 3 1 3
10 4 3 9 0
1 34 28 24 18
1 9 5 18 3
0 19 4 15 18
15 22 1 4 2
1 1 0 7 25
3 0 0 2 4
1 13 3 3 2
6 4 5 6 19
6 10 5 10 2
1 17 0 26 12
6 29 15 6 3
20 1 0 21 4
10 10 2 2 20
0 19 18 3 18
1 9 8 7 5
11 2 3 1 31
3 13 5 4 33
0 9 6 35 1
0 1 2 0 23
6 9 6 4 14
3 10 2 12 2
0 3 0 5 9
2 8 2 0 17
4 2 3 32 5
12 10 15 6 12
12 1 15 5 3
25 16 3 18 10
40 8 27 1 4
10 25 5 9 28
8 5 15 29 25
11 15 0 27 0
1 16 23 10 12
19 21 13 1 2
3 0 2 27 8
8 0 4 6 0
5 14 4 5 2
2 7 3 15 2
13 0 6 12 61
1 12 8 9 5
1 19 2 3 2
19 6 28 5 25
6 6 4 11 1
8 6 26 43 4
3 5 4 10 3
0 1 6 19 5
0 18 5 15 2
2 10 7 9 11
5 10 0 22 3
1 2 7 1 4
2 15 6 8 13
19 33 10 0 11
1 1 5 10 0
19 0 3 8 38
5 6 5 1 6
2 22 50 7 28
31 2 22 0 16
1 1 4 3 7
7 22 18 14 27
4 9 15 6 3
32 1 13 3 7
6 17 2 4 18
1 39 4 16 19
4 11 21 17 14
9 17 3 3 0
1 9 0 20 2
0 3 5 18 1
12 3 2 1 4
17 13 3 9 1
0 2 2 4 21
12 25 5 1 1
19 15 9 0 21
3 4 8 2 18
3 41 8 24 1
12 1 9 2 6
12 0 49 11 5
3 1 1 1 30
8 1 7 4 7
14 1 2 1 2
2 0 2 21 7
2 2 2 9 2
4 15 4 0 8
8 4 1 6 26
37 13 29 9 11
0 15 9 1 8
6 9 18 15 2
0 4 9 4 6
5 14 6 20 18
1 4 9 22 0
5 7 4 0 7
13 11 24 8 12
9 17 25 16 10
27 2 12 3 1
4 15 15 22 26
5 30 10 34 16
1 4 3 6 5
1 3 5 1 0
1 18 6 16 8
0 4 2 38 1
44 0 0 12 0
7 1 1 13 7
18 7 0 40 15
6 1 12 14 5
1 7 15 8 9
2 11 14 0 13
17 12 3 1 0
20 8 11 12 12
42 2 1 5 0
1 8 15 1 0
12 7 3 6 11
5 20 7 3 7
7 1 20 1 13
0 17 9 24 7
28 6 13 0 1
0 4 17 2 12
2 12 0 0 3
37 3 1 9 11
28 17 4 14 8
4 2 2 4 16
8 2 8 12 2
0 9 6 5 12
5 15 0 13 14
4 4 2 27 16
8 2 5 19 1
5 15 5 5 0
3 6 8 7 1
3 3 3 6 19
41 7 15 1 9
5 6 12 1 3
2 1 1 1 2
0 14 27 11 13
22 2 29 30 6
3 30 2 7 14
23 2 1 1 9
1 29 4 2 13
32 3 0 26 10
5 4 2 6 16
5 4 14 3 7
2 29 0 54 44
4 4 3 10 8
42 4 12 5 0
1 4 2 1 7
3 3 26 6 6
2 4 18 0 0
1 4 1 5 28
3 7 11 13 11
8 2 14 3 21
3 0 3 1 2
6 7 40 7 5
2 4 0 17 11
2 12 6 9 1
22 3 8 16 8
1 10 8 9 5
20 3 7 5 16
40 3 3 3 6
19 4 2 6 10
7 2 9 7 21
4 1 6 3 14
0 6 10 2 8
14 26 14 2 1
3 14 3 25 3
0 4 18 18 14
7 16 7 1 0
15 0 3 0 12
7 6 4 1 0
9 7 6 6 2
0 3 2 5 4
16 1 18 5 1
1 2 10 2 11
20 8 13 13 4
13 11 35 11 10
3 0 0 3 27
12 4 15 3 10
0 12 7 7 14
22 10 7 3 7
2 0 0 4 4
8 0 9 6 0
3 33 0 4 0
8 7 14 4 13
3 7 4 19 2
13 2 21 60 0
3 8 4 6 4
3 4 15 13 7
20 7 28 3 6
12 5 2 11 10
0 1 19 0 14
17 2 19 75 7
30 11 7 9 1
1 1 32 3 8
4 7 7 13 10
3 4 0 3 4
3 13 5 6 13
13 2 21 12 12
3 6 0 18 33
27 1 11 13 23
5 8 2 6 2
2 12 3 7 8
19 3 1 9 14
6 3 5 33 5
8 11 16 29 39
31 14 12 9 2
16 8 46 54 10
0 21 2 29 2
0 15 0 1 0
0 24 2 11 5
6 16 4 18 24
12 1 5 7 9
2 8 32 2 17
1 1 2 0 2
14 10 8 7 1
13 3 34 7 6
15 2 5 15 13
5 0 2 0 2
49 7 8 20 4
4 0 1 0 11
4 16 2 24 12
5 4 7 5 6
1 7 37 3 17
0 24 6 10 7
6 1 2 10 10
8 2 12 10 4
15 1 2 0 16
4 2 1 0 2
3 2 2 1 12
5 23 7 0 10
7 3 9 13 0
6 2 3 1 2
24 3 7 31 4
0 1 14 7 7
8 17 7 11 12
2 11 18 2 2
0 11 6 6 2
4 6 29 1 14
18 7 12 33 2
5 0 45 10 12
3 10 1 1 5
4 1 4 2 4
22 33 28 6 3
1 4 47 31 4
0 13 3 4 45
2 0 4 6 2
11 1 5 10 2
10 3 18 8 34
11 6 10 2 13
29 4 0 13 6
12 2 1 0 2
16 3 4 7 29
0 1 0 22 28
16 29 4 1 8
18 8 17 0 2
0 13 27 2 1
6 14 4 12 24
1 3 3 1 3
0 10 10 13 4
34 5 0 30 3
17 0 2 4 15
12 4 4 6 13
1 20 1 13 3
4 3 12 9 13
6 8 4 8 4
22 2 15 5 4
26 0 4 17 0
1 1 5 8 18
5 4 7 9 13
5 10 13 11 12
30 20 4 1 21
17 12 11 6 37
0 6 11 0 1
1 5 7 16 2
11 8 8 1 3
18 5 0 47 24
4 11 9 6 4
8 1 1 17 17
15 8 31 5 11
3 5 5 2 6
3 7 8 13 0
18 13 0 34 55
0 0 11 12 12
17 1 4 6 23
3 5 4 13 1
47 3 4 0 2
0 8 10 0 3
30 24 2 8 28
10 27 0 4 3
15 6 2 24 3
8 1 0 4 0
0 6 3 14 2
5 5 10 6 9
7 11 1 3 0
12 10 16 0 11
6 15 23 2 2
6 2 1 23 44
1 5 2 4 1
0 5 1 29 0
4 1 13 2 1
25 8 34 1 0
0 8 16 2 2
0 39 3 25 23
5 24 1 5 3
1 10 32 14 10
9 5 0 30 34
1 4 33 10 2
3 14 3 16 1
2 0 0 0 4
0 10 34 14 5
1 0 70 5 4
23 5 1 9 0
9 3 0 4 6
15 3 0 9 3
10 8 10 8 18
4 0 2 13 15
3 6 2 10 0
6 27 44 5 2
3 4 15 8 30
4 1 9 9 38
14 7 39 1 2
13 0 0 8 3
13 3 8 3 2
28 23 5 7 5
2 19 3 2 5
2 10 7 2 15
2 15 37 11 17
26 21 4 2 8
13 17 31 8 4
12 5 3 9 5
26 6 16 4 4
0 12 0 4 3
6 3 8 21 0
1 3 6 0 12
4 3 15 7 4
10 14 9 8 3
16 4 7 0 14
0 0 0 5 0
0 0 0 1 0
11 8 15 7 9
13 18 0 1 3
10 10 0 2 12
6 2 1 5 3
48 13 1 4 3
1 7 3 0 1
24 8 13 0 0
7 7 11 0 11
1 4 22 4 1
4 0 21 3 5
10 2 13 3 18
34 20 1 2 14
15 1 0 6 30
6 11 5 20 4
9 5 2 9 30
8 0 2 4 9
2 3 8 46 3
2 1 13 6 5
21 2 19 28 7
5 4 12 5 20
4 6 5 9 1
3 2 21 19 0
7 0 3 27 16
21 27 7 25 27
18 13 4 14 0
6 14 21 25 7
7 5 8 5 4
3 23 3 20 13
4 9 7 6 3
12 2 12 7 15
1 4 12 7 3
8 0 13 20 11
3 4 7 34 38
0 20 3 3 1
1 0 24 1 1
3 5 9 15 24
1 31 4 2 13
4 23 7 24 4
36 4 17 2 9
11 12 2 12 3
4 12 9 3 9
0 0 11 1 0
23 12 38 4 2
3 4 13 5 3
10 10 14 2 13
4 5 15 27 24
24 16 2 22 3
1 15 4 0 19
17 15 17 0 7
1 16 18 43 1
7 3 6 1 11
3 2 3 1 13
2 0 4 9 16
10 3 0 28 3
3 6 10 22 6
3 0 0 2 29
29 20 10 6 4
1 0 2 6 1
10 4 36 11 10
6 6 7 22 2
3 15 10 7 5
10 19 0 9 11
58 1 8 4 13
7 0 0 0 8
0 8 11 3 0
4 70 6 11 3
11 0 9 1 9
2 8 14 1 0
4 24 15 1 0
4 8 0 21 1
17 1 6 11 6
0 6 15 7 2
1 5 3 4 1
7 0 26 7 1
8 2 13 2 10
10 16 16 8 2
22 3 24 4 21
31 6 13 17 5
6 8 16 52 4
8 2 1 16 11
9 19 41 8 6
0 7 2 5 2
9 3 3 4 12
2 10 7 3 7
2 1 4 13 4
7 4 4 2 0
8 11 3 12 5
1 7 1 24 2
4 4 7 0 17
3 29 12 1 2
0 7 0 0 8
1 15 5 9 7
10 24 7 12 7
0 0 6 3 4
2 32 0 14 4
13 0 12 15 0
6 11 0 18 18
25 0 15 10 7
4 1 8 21 10
10 20 0 14 0
3 12 23 9 9
8 0 16 6 0
2 13 24 3 7
0 5 15 0 15
6 8 47 14 32
6 8 3 17 4
3 3 10 0 1
14 2 4 6 12
13 19 33 11 10
2 35 0 7 25
6 2 2 2 15
25 5 6 11 29
20 23 20 14 2
5 0 4 20 1
1 5 9 5 19
7 6 8 13 0
7 18 4 24 5
2 0 1 1 0
7 4 0 8 9
2 11 7 20 1
18 4 9 22 13
4 21 0 0 17
20 11 1 2 3
12 5 16 1 38
16 9 5 11 13
8 31 10 57 7
7 3 18 13 12
3 7 11 33 2
33 1 0 12 0
0 5 3 1 2
3 14 2 9 4
16 23 5 11 25
6 10 5 2 3
0 1 4 11 9
3 13 7 2 2
6 2 14 19 0
2 3 2 20 9
13 15 4 29 16
10 8 0 0 28
6 9 8 18 1
17 1 9 25 0
5 1 16 47 10
2 8 3 4 6
27 1 2 16 6
11 12 20 5 14
8 6 0 13 4
0 4 2 2 10
6 2 7 14 19
4 13 0 8 1
2 13 27 1 46
13 8 33 12 1
4 9 12 2 1
27 3 4 8 3
5 12 5 7 0
4 3 21 6 4
1 17 23 9 11
3 0 2 9 1
7 6 7 5 11
13 8 13 1 20
2 22 28 12 0
6 3 4 0 0
2 8 24 0 21
7 10 5 12 14
0 9 0 7 4
26 9 6 26 48
5 24 0 13 12
8 11 4 3 7
19 2 18 8 6
18 3 24 34 1
0 2 15 0 0
21 2 13 3 24
8 9 3 0 6
4 3 5 5 15
4 18 1 12 0
13 2 2 0 0
8 1 1 13 9
1 11 14 9 1
9 5 2 6 10
4 7 2 2 0
1 5 33 3 37
7 11 0 9 5
1 8 0 0 11
2 16 0 5 0
0 7 4 5 2
4 29 6 8 12
2 0 1 10 1
2 17 3 0 6
0 22 2 8 14
0 6 6 7 12
0 1 2 15 8
10 19 6 0 23
5 4 1 18 22
0 5 13 17 6
6 4 16 9 9
1 6 6 0 7
26 2 1 13 6
13 15 11 2 1
17 7 13 20 20
0 16 6 22 13
1 6 7 4 10
8 6 1 0 13
4 13 10 28 12
15 6 16 7 10
21 5 58 16 20
2 5 8 4 0
16 5 10 2 2
3 13 4 1 10
2 9 49 26 0
5 0 1 10 0
0 8 0 14 10
7 17 22 0 13
3 1 13 22 27
2 22 1 10 5
7 14 23 3 0
9 1 2 0 3
2 7 37 9 1
0 10 13 5 3
7 1 32 2 2
16 2 10 1 11
1 5 15 11 0
1 5 4 27 0
24 1 17 34 0
3 8 0 3 11
29 26 7 4 2
3 27 18 29 7
33 13 8 11 4
13 3 3 3 5
6 3 4 8 4
2 0 10 4 2
19 2 17 2 6
5 13 2 0 23
3 10 17 16 1
1 3 15 8 4
4 34 7 23 4
5 11 2 3 15
9 8 6 3 0
0 6 11 2 13
2 2 1 1 1
13 25 11 3 1
7 8 20 0 3
6 6 21 2 25
19 9 0 14 6
1 1 4 2 20
3 5 1 13 0
29 1 1 53 3
18 1 5 15 0
0 36 9 3 4
20 39 6 4 15
10 6 5 7 9
6 6 2 0 0
0 3 0 0 1
26 1 14 4 10
4 6 8 0 6
11 15 50 31 15
2 1 12 37 0
13 4 2 29 5
0 0 4 9 4
21 13 0 22 4
1 6 2 7 7
0 14 7 18 3
0 13 18 13 2
2 15 18 23 10
22 14 8 1 2
7 7 14 7 5
2 9 1 60 2
19 18 2 14 2
47 9 17 0 11
5 0 9 14 0
5 7 2 38 0
15 28 13 4 15
3 8 1 20 13
20 8 27 25 9
3 14 38 1 1
23 16 2 0 13
8 3 4 11 3
22 1 6 12 13
18 4 13 18 2
10 0 0 1 31
13 4 13 30 7
3 0 4 5 4
4 12 13 20 10
29 8 28 4 3
30 5 5 1 9
2 14 3 2 19
7 1 3 11 12
5 0 8 6 23
21 5 11 1 1
27 15 7 1 2
2 42 0 9 5
3 38 10 1 3
1 2 15 0 22
4 8 2 1 2
0 15 7 12 11
4 0 7 4 0
6 8 8 15 10
1 7 21 0 3
2 30 1 4 2
9 13 2 6 10
0 7 41 35 4
14 4 6 1 11
15 0 9 7 20
10 7 2 3 0
0 20 61 3 5
9 4 8 25 42
2 16 5 2 12
17 1 4 24 1
2 5 2 4 3
2 1 16 0 16
1 1 11 5 0
12 1 8 5 3
10 18 8 1 6
9 36 11 7 6
11 4 3 4 8
2 1 13 20 2
1 22 1 7 3
3 1 14 6 10
0 8 11 1 16
15 2 3 117 6
12 5 12 32 0
2 25 1 11 3
0 42 6 4 9
11 1 14 1 1
30 10 8 2 1
16 2 13 25 10
8 3 17 0 11
7 14 13 3 10
4 0 12 3 4
4 3 1 10 1
0 26 1 16 4
2 12 4 1 12
1 17 7 9 2
10 0 15 3 0
4 3 4 3 20
10 3 0 14 1
1 17 9 19 4
5 1 5 5 12
8 15 17 13 1
9 4 12 7 11
12 1 22 27 12
0 2 20 5 24
1 6 0 15 0
4 4 17 18 1
12 19 15 17 51
19 15 11 7 29
11 2 4 1 9
2 3 0 6 12
5 5 17 1 1
10 15 6 8 1
4 10 7 31 20
3 8 11 5 11
3 20 1 6 7
6 25 3 1 4
6 30 16 0 4
21 3 0 3 14
27 5 2 2 9
0 2 6 8 4
4 10 2 13 3
2 2 7 11 2
0 11 9 14 2
5 3 10 4 5
3 8 0 0 2
9 6 16 2 14
3 8 17 37 4
1 2 36 11 2
9 0 8 4 1
5 10 4 7 8
4 5 5 3 20
1 3 10 7 7
3 0 15 4 1
12 32 8 2 13
13 1 10 2 22
28 30 24 1 39
6 0 29 7 0
2 8 1 4 1
7 23 3 11 19
6 5 13 4 6
1 0 5 3 5
4 40 4 1 41
7 4 11 1 49
8 0 2 4 5
20 12 40 11 3
12 2 9 51 3
8 8 7 13 4
3 10 0 3 2
1 72 6 20 0
1 3 12 7 6
5 5 7 6 12
5 23 0 40 3
37 11 11 11 1
35 4 1 1 8
27 3 6 4 4
4 7 16 4 1
0 10 21 0 32
8 17 11 0 3
16 0 10 4 3
5 1 1 0 10
27 14 13 15 15
25 0 5 17 6
15 15 24 2 1
8 3 6 10 12
23 5 3 2 12
1 8 3 6 7
3 5 8 17 0
3 2 4 5 0
8 21 1 2 0
19 5 2 19 5
19 7 11 1 6
7 4 3 31 1
0 6 2 3 9
2 8 5 3 4
2 28 5 7 4
7 11 3 20 3
2 15 2 0 1
10 10 5 10 8
28 8 0 1 5
2 2 2 5 8
25 3 4 24 30
12 4 2 0 11
2 7 7 2 3
7 18 14 0 1
12 12 3 5 9
3 4 16 15 1
14 0 10 2 5
8 5 1 20 8
16 8 1 12 1
5 3 3 21 26
1 2 16 10 0
2 7 57 18 7
1 30 4 4 12
8 0 1 1 5
7 6 7 44 0
16 20 6 10 5
10 4 2 6 7
3 13 1 16 4
1 1 7 10 14
31 3 13 9 1
19 1 8 3 8
1 15 6 23 8
0 4 2 0 27
6 1 12 15 11
9 6 2 13 17
1 7 16 3 2
17 19 4 0 12
4 27 10 10 11
0 14 9 4 5
24 1 20 12 5
1 0 6 2 11
22 33 9 15 1
7 3 8 17 4
16 8 0 18 23
23 18 0 0 4
16 0 1 8 0
0 0 14 20 6
5 5 5 30 1
13 20 2 1 0
22 0 4 15 14
4 11 6 6 1
10 14 2 9 3
5 10 2 5 12
12 1 7 9 14
11 19 1 5 14
1 5 10 3 6
13 5 0 11 5
8 9 3 22 7
7 1 13 2 2
6 31 7 13 4
7 16 3 4 2
16 4 4 0 6
1 3 4 5 0
9 0 2 1 5
1 6 34 12 8
10 19 0 7 15
10 19 31 12 2
21 2 5 7 21
0 9 8 18 15
8 0 11 9 5
6 7 8 1 4
7 2 15 6 10
25 19 9 0 29
18 10 3 0 17
5 9 47 23 3
5 0 20 5 39
16 5 17 3 5
15 2 1 5 3
18 35 5 8 0
1 9 1 29 23
6 2 0 2 26
16 3 11 20 1
0 2 13 6 0
3 5 7 28 6
1 7 1 27 18
25 0 1 5 6
7 7 14 12 18
7 10 4 0 5
1 10 1 0 1
11 11 11 10 0
0 11 13 2 3
4 2 1 40 2
8 8 1 17 5
4 17 4 4 4
3 8 3 29 10
10 4 8 16 8
6 11 3 28 1
0 17 29 9 27
7 6 3 15 11
12 1 22 4 1
8 5 18 1 11
14 7 3 22 4
12 28 6 0 4
3 0 0 9 1
31 3 12 3 4
1 59 3 5 7
7 57 10 7 3
5 3 6 3 15
10 10 1 4 10
1 0 4 1 2
14 24 6 0 1
10 14 25 12 9
6 3 21 21 2
53 4 9 9 14
1 9 7 7 4
0 2 10 4 6
5 5 1 7 9
10 8 2 12 26
0 7 3 17 6
0 10 4 6 3
2 34 3 4 0
2 9 15 6 1
8 24 6 10 18
0 12 5 14 6
41 6 1 1 0
2 32 46 5 13
1 11 1 3 9
6 1 5 1 50
4 26 0 7 11
20 27 15 3 15
17 2 1 23 45
11 7 0 10 3
8 4 17 38 5
1 16 4 12 21
3 17 4 0 6
13 10 6 3 0
1 18 1 1 12
19 8 6 3 1
2 9 8 11 0
0 2 13 0 17
16 18 0 9 10
13 8 6 1 4
6 14 3 6 2
26 15 4 3 34
0 6 4 2 5
1 4 7 5 6
2 1 1 8 17
1 1 7 7 6
10 0 16 1 31
7 1 25 6 2
12 0 9 1 7
8 2 7 26 5
1 9 1 28 0
11 1 34 22 4
12 16 7 26 10
7 5 0 8 5
4 20 1 3 28
10 0 15 11 21
7 1 8 21 3
2 16 0 24 6
1 11 1 40 46
9 13 2 1 3
2 3 6 2 1
14 14 4 9 3
16 9 2 6 9
6 14 6 3 7
3 0 6 2 12
7 1 28 1 24
8 0 8 4 4
3 6 18 4 0
11 7 1 4 5
0 18 16 1 5
27 1 5 10 14
1 15 14 2 4
1 2 2 40 0
8 12 0 4 21
13 18 1 2 10
0 1 37 3 1
6 3 2 0 14
36 3 12 10 33
19 0 7 1 3
11 4 7 0 0
29 1 9 1 21
25 6 1 7 34
12 2 0 5 10
5 5 17 30 17
3 12 3 18 9
12 0 0 5 2
9 0 11 5 5
14 2 41 7 2
48 10 3 3 0
2 0 3 1 1
18 2 4 9 34
10 14 2 10 31
10 0 1 25 0
13 5 1 1 0
2 0 3 13 6
8 37 4 1 5
20 36 6 35 0
24 5 3 1 22
5 18 36 7 2
7 14 18 3 3
0 7 2 3 8
0 19 2 13 5
17 2 3 20 41
20 4 8 12 0
5 0 3 14 15
16 6 2 9 14
21 0 9 14 4
48 31 2 29 36
1 13 2 1 9
2 7 4 31 20
32 5 20 12 13
5 21 8 2 12
9 0 1 11 17
3 9 17 0 7
1 3 0 14 6
6 6 8 13 11
0 14 8 1 4
3 0 10 7 3
15 25 4 2 0
2 0 0 7 18
3 6 14 7 5
0 4 1 16 19
29 3 31 23 19
12 14 2 5 3
34 5 8 0 6
3 11 11 2 2
1 41 7 8 2
13 4 7 2 12
0 15 2 3 2
1 10 14 4 7
18 4 2 2 7
7 5 1 16 0
12 1 4 7 8
17 10 0 18 5
1 11 5 0 9
0 0 23 0 4
1 7 23 21 1
7 28 5 2 20
11 10 8 6 45
2 0 5 1 1
0 17 7 8 0
20 11 6 2 16
26 11 20 3 23
15 5 11 7 5
1 1 6 0 5
8 8 39 20 8
3 5 4 14 32
9 24 0 0 13
2 8 1 10 1
9 22 1 5 6
18 2 6 20 2
8 3 20 0 13
10 6 3 7 18
4 16 41 0 5
10 6 2 7 1
0 3 15 5 1
5 2 10 12 4
10 18 16 12 0
14 15 2 4 2
6 7 1 1 4
1 1 8 11 20
0 1 6 7 3
0 0 2 7 3
11 0 15 46 2
3 18 8 19 8
11 1 12 10 4
2 10 7 12 10
10 1 24 4 10
1 1 34 8 6
17 3 1 0 1
36 23 5 1 16
11 6 0 10 1
12 6 5 3 4
12 3 3 2 10
10 0 6 0 1
22 14 23 22 5
8 35 4 19 22
0 0 16 20 2
13 3 20 7 26
5 19 2 0 19
6 11 31 6 7
21 2 3 8 9
5 8 10 1 17
2 6 7 15 3
2 15 12 15 18
5 5 19 3 19
6 13 9 7 16
10 1 20 0 15
12 2 10 2 8
15 8 5 23 9
0 7 22 9 41
24 9 1 8 16
7 4 39 13 2
8 0 2 3 6
25 8 8 13 14
15 15 2 12 15
10 16 3 1 2
2 5 2 20 5
0 20 12 30 3
31 3 2 4 26
6 9 0 1 0
22 5 6 0 4
8 6 8 5 43
5 12 15 9 0
11 12 3 4 21
17 23 4 4 1
17 20 27 2 7
5 27 3 14 2
19 3 31 48 5
4 26 7 17 0
8 1 3 0 1
3 18 0 2 3
16 4 16 5 28
17 8 4 1 7
9 35 4 5 2
11 6 5 14 9
1 13 10 21 33
16 3 0 34 16
9 0 4 10 13
4 12 12 5 0
4 8 0 2 8
3 5 7 6 9
1 13 41 11 5
4 10 3 20 5
18 0 17 8 14
19 3 23 1 3
4 50 5 3 14
7 15 5 10 6
3 0 3 8 14
2 5 9 6 29
15 1 8 19 1
13 10 9 9 12
8 2 0 0 7
3 3 1 7 1
30 0 13 11 14
18 16 6 13 3
4 12 21 2 0
0 0 0 1 16
18 0 4 37 21
1 0 4 13 2
13 1 1 16 14
23 44 5 7 4
30 0 6 0 5
3 4 22 14 2
13 9 1 2 6
1 10 10 0 0
1 4 3 0 4
33 9 0 14 1
3 8 17 12 37
4 8 12 15 0
31 14 17 2 12
2 3 12 6 2
24 9 7 1 13
8 11 1 0 6
16 2 1 4 3
9 7 7 3 17
9 23 5 11 1
32 4 2 2 13
6 9 2 7 11
0 9 7 24 3
4 2 11 2 3
23 0 8 22 2
7 11 16 1 14
5 2 9 9 11
3 4 2 12 21
29 3 9 5 9
1 14 4 4 9
9 32 0 0 6
14 17 2 0 4
19 0 14 10 1
29 5 17 2 24
28 6 13 0 7
4 28 1 1 17
15 8 0 6 3
5 18 28 3 2
0 24 5 1 1
1 6 2 15 0
2 10 10 1 21
6 8 7 2 1
4 4 0 5 14
1 14 1 4 1
6 4 10 0 14
3 3 6 12 17
1 3 5 6 0
4 3 13 38 0
5 2 20 8 11
12 30 0 2 33
27 12 4 6 20
5 1 23 7 10
8 17 2 9 8
4 17 2 3 13
3 0 3 3 6
3 1 13 22 5
10 50 13 11 41
22 1 0 8 17
1 1 6 19 5
22 8 22 13 15
1 11 7 6 8
0 17 19 1 5
17 5 5 10 2
4 4 7 2 0
7 21 0 35 22
5 0 2 6 1
4 6 9 4 0
1 5 4 14 22
0 17 1 12 4
1 5 6 10 11
8 0 3 27 27
11 11 16 5 5
30 4 10 1 4
28 12 0 5 3
2 5 59 4 8
10 0 3 38 4
4 1 2 12 7
3 2 15 23 2
26 9 8 6 27
0 7 5 4 6
29 34 5 1 2
4 5 13 8 4
11 26 4 1 0
4 3 15 2 17
6 10 7 0 24
6 19 9 2 12
6 16 2 0 42
3 44 27 8 7
32 4 0 19 4
36 18 10 16 15
12 24 0 38 4
7 3 1 0 2
6 7 42 1 9
17 6 16 17 14
4 35 1 24 2
2 1 16 39 0
6 27 8 31 12
5 12 22 2 14
2 8 53 3 7
10 0 1 13 9
20 0 17 14 20
5 28 15 0 6
11 19 4 15 30
3 4 3 10 2
22 9 19 7 13
8 0 0 1 10
2 4 0 5 4
22 2 2 10 10
0 6 11 6 0
2 1 9 4 20
3 8 10 1 5
7 16 0 2 3
20 14 17 23 2
1 11 14 10 34
20 0 0 2 0
1 2 20 2 31
3 8 0 0 6
5 32 4 8 21
3 15 9 1 5
2 5 1 5 5
0 7 0 3 14
17 0 21 3 5
20 13 5 13 1
10 11 0 8 13
18 0 2 17 0
5 3 5 1 7
0 7 7 4 38
11 3 1 24 0
16 0 26 9 40
4 3 12 8 9
12 7 4 0 2
6 18 8 29 7
2 5 7 9 0
3 12 10 4 2
1 25 0 38 2
0 2 8 5 19
38 11 4 54 8
0 6 29 4 13
1 0 0 24 10
2 9 5 13 0
4 3 1 22 27
7 4 0 2 1
5 10 7 21 18
41 0 21 3 12
13 2 2 37 6
14 10 7 1 0
3 10 18 2 2
9 17 4 3 5
2 6 7 15 5
2 19 7 26 6
0 4 6 3 24
3 7 6 6 1
2 5 0 14 2
13 12 2 0 10
5 23 0 2 7
15 10 9 9 14
11 3 11 7 2
3 19 6 4 4
8 22 0 16 5
5 26 0 2 8
24 1 8 7 0
20 0 5 1 2
30 1 0 20 7
8 1 0 9 6
6 4 6 5 5
2 5 5 2 3
8 6 5 2 8
2 2 14 10 19
0 30 6 32 1
15 6 22 0 32
3 1 15 6 2
2 4 16 9 1
11 12 0 7 28
7 29 5 0 18
0 4 3 6 3
13 4 3 0 10
6 1 0 15 0
2 26 14 23 14
0 38 4 0 7
4 10 7 4 21
10 8 0 9 7
6 11 5 2 4
2 23 9 24 4
8 8 4 2 3
4 14 1 12 8
27 40 1 38 9
2 30 12 0 4
5 3 3 20 0
4 0 6 3 5
2 0 0 14 2
46 2 7 12 17
1 0 2 2 6
14 17 4 24 1
6 7 3 22 6
29 32 46 4 0
1 5 6 1 5
11 0 0 2 10
0 12 29 0 0
8 32 9 8 28
4 18 9 0 11
1 19 4 0 0
16 6 51 18 5
0 28 8 0 29
1 3 2 8 14
3 58 4 3 15
25 17 5 9 16
13 10 7 14 2
10 4 13 1 14
11 1 1 0 46
7 7 23 13 1
20 6 15 2 12
0 3 3 0 10
6 41 10 0 0
7 1 11 4 1
0 8 25 5 3
60 9 0 15 6
22 30 1 5 1
6 14 0 3 3
24 20 6 5 2
0 35 8 5 14
11 2 11 26 2
6 2 13 6 9
13 5 2 29 13
1 9 11 6 7
1 2 3 6 4
1 18 9 4 17
17 4 3 0 5
2 1 4 2 1
14 5 1 6 41
4 6 0 3 1
8 1 4 7 0
6 10 4 4 10
0 8 4 15 0
15 6 2 63 1
10 16 12 10 4
1 18 6 8 5
8 0 8 1 17
9 12 0 13 1
4 34 3 5 7
6 17 10 0 0
10 8 4 20 2
23 7 15 3 1
3 19 1 1 5
0 4 1 1 4
7 8 0 17 2
5 5 6 42 0
11 2 2 3 0
1 20 4 8 2
1 16 5 22 5
5 0 14 1 6
5 38 1 3 21
38 7 0 18 6
7 2 0 4 6
9 10 8 0 10
4 8 19 4 3
1 8 18 20 4
5 0 0 3 2
0 7 11 5 11
4 4 13 13 14
2 7 2 5 10
12 0 9 15 0
5 8 1 2 12
3 3 7 57 6
12 9 5 6 7
6 10 0 7 0
1 23 9 1 1
5 11 21 4 2
2 9 21 8 0
2 14 10 17 25
36 8 13 3 13
17 8 3 6 7
2 1 16 11 7
2 5 7 8 2
2 6 14 0 4
0 8 21 29 33
0 0 9 4 6
9 1 32 1 1
12 3 4 17 15
8 1 4 10 2
7 4 2 0 19
21 15 0 3 16
0 12 19 6 0
12 1 0 3 26
12 0 6 13 6
4 5 18 6 26
2 25 4 21 6
12 3 0 3 0
1 14 10 0 9
20 23 2 0 1
4 7 10 8 5
1 13 15 0 21
17 6 2 4 3
4 4 0 1 2
4 16 3 22 13
4 23 2 9 2
31 2 0 2 8
12 8 2 7 23
14 5 0 6 2
56 2 0 1 2
13 13 1 2 0
2 8 27 3 4
44 1 4 4 11
1 5 38 0 1
2 1 0 6 18
1 29 6 13 0
3 3 42 1 2
9 9 0 11 0
6 4 1 15 27
24 3 7 0 12
1 13 9 1 4
37 41 6 17 10
13 3 5 33 9
11 1 11 2 1
1 8 45 0 18
11 8 6 7 0
1 16 14 3 11
19 18 19 6 17
9 2 16 2 55
21 4 9 4 16
9 0 14 9 11
9 42 9 29 8
57 1 0 0 7
8 11 4 7 5
3 2 2 7 3
3 11 0 9 0
3 4 13 0 11
0 8 24 3 6
12 24 32 34 2
1 5 2 3 0
27 5 1 3 12
0 53 12 6 10
17 1 8 0 0
7 6 19 16 7
0 0 12 11 18
0 40 0 6 35
0 26 6 7 37
0 4 26 3 0
8 6 5 6 2
5 4 0 6 3
7 9 6 3 2
1 5 13 1 3
9 6 2 12 18
9 3 18 14 11
7 0 2 4 18
1 10 5 18 5
1 2 11 3 8
17 4 8 27 5
16 12 6 5 4
1 10 9 10 7
4 4 5 10 9
15 13 5 3 11
3 22 6 5 2
4 4 12 8 19
13 13 3 28 2
14 6 2 19 9
1 1 0 9 6
7 17 13 22 7
4 18 5 7 1
5 8 1 3 11
6 3 16 5 12
5 16 15 0 8
13 1 22 7 29
17 0 2 5 9
0 10 40 18 2
4 6 12 39 27
9 28 24 8 1
2 8 0 1 17
15 14 35 2 8
27 9 4 17 4
8 1 2 3 23
30 5 1 16 0
9 13 14 4 7
7 23 19 7 27
9 9 1 5 4
21 0 18 22 5
10 7 0 10 5
0 17 6 16 2
3 14 2 5 3
9 3 4 5 7
4 5 16 3 5
13 14 1 1 38
4 2 10 13 7
0 0 6 9 11
10 6 1 6 1
3 8 7 9 5
9 14 3 3 9
7 3 17 23 9
5 15 30 5 7
26 5 0 6 27
9 6 15 13 38
14 3 10 11 2
7 0 0 6 11
2 11 0 0 3
14 0 0 1 8
29 1 4 3 18
24 4 17 0 4
28 24 6 5 1
5 29 11 3 7
6 24 21 8 5
8 14 1 1 4
7 0 0 16 18
2 34 5 3 8
9 0 3 5 4
5 3 18 13 7
20 2 8 3 3
6 12 16 0 36
4 27 1 3 1
8 9 0 8 10
0 26 6 3 10
14 5 5 9 6
8 6 36 2 1
0 1 7 2 11
0 5 3 0 9
8 6 14 7 15
6 7 4 5 3
17 1 8 4 7
9 11 9 1 4
9 2 35 2 10
10 24 0 15 23
28 3 9 20 31
3 1 12 4 4
10 12 1 26 29
9 4 4 11 1
42 3 1 3 3
4 11 9 3 8
12 28 1 1 0
0 3 4 3 8
0 1 23 2 17
14 0 7 11 18
26 10 7 4 21
31 13 11 10 17
11 8 4 12 15
25 20 4 12 2
1 0 3 5 3
6 1 1 3 0
6 11 17 31 14
3 2 0 10 44
19 6 3 4 15
4 2 11 10 10
18 0 10 1 51
3 2 18 2 0
9 15 18 2 4
3 9 3 9 0
5 1 2 5 25
3 4 5 12 2
2 3 7 2 3
7 23 0 8 4
6 17 16 9 6
3 16 4 1 1
7 5 7 12 19
46 20 16 4 22
6 6 10 11 14
17 6 3 5 5
5 2 7 4 13
13 6 5 0 8
0 0 19 1 10
0 1 13 9 0
4 2 6 17 52
4 0 13 1 4
7 2 9 0 37
26 3 13 4 11
3 15 28 0 15
6 3 11 21 13
31 16 1 2 4
0 3 5 1 0
0 6 6 1 13
3 6 9 31 14
4 5 9 5 8
3 9 4 3 3
2 9 15 11 2
9 30 3 5 17
3 14 10 1 17
0 10 4 1 4
0 10 10 24 16
3 2 3 3 37
10 32 30 18 9
20 2 2 10 12
1 1 32 5 30
3 3 0 12 0
1 10 1 2 57
3 14 2 1 26
5 22 8 10 21
5 10 23 2 5
6 4 3 0 0
0 21 23 0 21
15 8 16 11 36
1 31 13 3 22
12 4 0 2 3
70 28 9 8 13
7 0 6 7 5
17 6 5 0 8
2 1 1 3 1
6 0 4 12 6
23 2 7 1 7
6 0 24 14 5
8 16 17 7 23
3 24 1 7 0
16 1 11 10 4
0 6 8 13 3
38 11 3 5 4
5 1 0 3 19
7 4 5 1 1
5 2 8 12 1
3 1 4 11 11
1 26 20 26 23
1 11 1 35 9
43 3 15 8 3
11 7 11 0 1
5 2 15 7 6
6 2 13 11 1
3 2 11 2 44
7 17 2 2 1
11 2 1 9 0
10 8 0 8 13
14 1 1 4 1
31 1 1 6 0
34 5 0 18 21
8 26 16 1 1
2 2 14 11 5
0 12 9 18 5
2 36 8 13 8
7 4 0 6 13
5 1 3 4 7
17 0 9 1 12
2 3 20 7 7
14 6 57 4 2
4 30 4 14 5
7 19 18 28 0
11 11 13 6 3
13 11 0 21 7
8 6 11 19 3
11 0 2 21 8
19 1 9 2 21
5 12 11 7 0
31 1 10 2 12
3 14 6 1 0
41 0 3 9 7
6 2 9 19 4
18 1 4 1 1
10 5 14 7 20
2 3 10 14 9
21 4 4 3 4
5 1 0 6 0
3 1 9 0 31
7 39 5 1 1
16 4 4 1 12
7 0 4 3 24
2 4 6 4 24
3 8 5 12 0
24 6 2 9 17
4 1 7 18 0
6 15 2 5 49
17 11 4 3 1
7 7 0 3 8
7 1 11 0 3
0 11 16 7 23
11 6 10 9 16
1 3 50 16 14
4 25 0 4 11
20 1 10 4 3
3 15 1 8 2
5 27 0 1 8
16 27 13 7 14
10 14 31 7 9
20 16 0 3 4
2 7 12 18 13
21 10 7 2 17
9 16 5 13 40
54 10 7 2 18
2 2 3 0 0
4 7 0 11 3
1 0 3 6 8
17 18 5 5 14
2 25 1 6 0
35 0 11 7 5
7 3 18 9 14
6 34 1 1 4
3 18 0 1 1
0 2 6 2 8
16 8 10 1 2
2 51 2 2 3
38 9 14 13 3
3 6 11 5 4
13 7 6 5 29
3 0 14 4 2
2 18 5 13 21
18 9 35 13 14
5 4 29 30 0
29 12 1 2 8
4 6 33 16 11
1 7 6 4 4
8 26 5 4 6
7 19 5 3 1
13 21 4 3 2
5 41 1 5 0
0 23 3 16 6
5 14 6 12 11
1 1 0 0 7
7 34 16 5 3
2 19 8 18 10
6 8 12 35 10
1 16 27 1 29
9 8 0 4 14
8 10 9 9 4
16 5 2 9 2
4 19 15 7 44
1 30 2 5 3
8 2 23 3 3
0 11 5 5 3
10 8 24 4 4
22 6 6 0 4
18 15 20 13 10
15 8 15 21 0
3 15 5 21 8
11 11 3 24 24
9 16 1 0 2
20 1 7 16 0
0 5 7 19 5
23 8 1 19 0
4 8 5 4 5
3 12 15 7 2
20 5 6 1 3
2 4 9 1 1
2 9 2 6 7
2 2 19 4 1
11 20 20 7 22
17 32 9 0 7
1 3 4 2 12
0 24 0 6 11
15 3 3 6 4
1 10 7 66 2
2 3 23 4 38
2 19 2 6 9
12 22 3 6 2
0 3 13 21 7
16 2 13 2 9
1 7 2 1 1
0 5 3 7 2
29 11 9 1 8
13 5 5 0 3
3 8 4 17 5
16 1 9 5 10
5 18 1 0 8
9 0 8 18 1
13 11 20 3 12
0 8 9 14 8
5 18 11 3 8
26 4 10 15 21
12 13 20 5 7
3 0 15 9 11
17 6 11 7 5
22 1 5 2 0
39 28 11 14 2
23 8 13 1 13
1 6 0 7 7
2 6 12 11 3
6 4 2 0 14
13 26 8 13 0
0 25 10 5 2
23 8 33 0 3
16 1 8 63 14
1 30 1 0 2
13 8 0 5 0
4 3 33 3 22
5 11 2 13 14
7 5 5 12 1
7 7 1 26 3
15 1 4 4 1
6 3 5 0 10
0 3 19 3 8
10 41 7 7 7
7 9 3 26 13
6 18 6 20 3
8 2 15 24 0
0 3 5 15 18
27 1 10 3 12
9 21 10 1 6
24 45 0 4 12
1 2 38 14 4
7 32 1 14 5
7 3 4 6 39
19 1 31 6 41
3 5 27 2 7
15 0 3 17 1
6 19 2 5 2
3 1 29 3 1
5 2 5 5 0
5 13 7 13 11
3 1 0 5 12
0 1 18 3 20
15 3 4 10 3
1 5 46 4 4
0 3 0 13 10
3 16 6 2 3
0 6 2 7 1
0 2 6 9 4
21 0 3 6 2
27 7 5 12 2
12 2 0 20 0
7 21 20 3 2
9 7 0 8 0
14 1 30 9 14
3 4 2 17 1
5 13 7 0 7
43 0 11 1 0
5 18 4 7 16
14 15 5 19 0
20 2 2 8 22
2 5 7 3 3
12 20 11 13 19
9 1 7 2 0
13 20 2 13 42
16 31 26 12 0
25 11 0 11 29
4 24 37 21 8
1 9 0 7 14
1 0 3 9 8
19 10 4 18 13
18 51 17 11 6
0 13 15 8 20
5 16 12 26 5
1 0 15 4 0
18 5 21 0 1
13 12 12 5 22
16 10 20 5 0
21 12 12 1 8
2 10 4 14 23
16 1 8 7 1
23 8 25 13 7
15 47 22 21 19
2 2 14 7 24
7 1 20 12 4
2 3 0 10 1
33 0 22 5 0
4 24 4 6 9
33 11 7 2 10
3 5 11 4 0
25 2 24 20 5
7 0 6 52 21
2 9 10 6 4
14 33 9 7 20
6 48 7 2 6
7 31 0 1 3
13 7 9 18 26
6 3 4 0 5
1 2 11 2 4
6 4 0 19 13
1 4 5 28 3
16 0 3 1 11
5 12 17 11 17
13 9 4 9 3
2 43 0 1 7
8 0 4 1 2
5 5 24 1 11
15 0 2 0 4
20 7 1 10 26
3 10 58 4 15
2 15 37 19 7
7 6 2 7 15
7 15 3 11 1
0 11 9 20 12
0 7 0 1 1
13 0 6 4 5
22 4 2 0 5
1 5 4 0 10
1 4 23 18 31
0 28 6 2 8
4 3 7 13 5
4 3 2 14 3
2 13 7 0 1
13 14 13 0 7
20 34 12 44 3
12 15 4 8 1
5 29 4 0 2
19 1 6 23 32
17 4 1 0 4
0 25 18 3 5
3 3 3 10 1
5 3 6 3 2
25 1 5 2 13
4 13 3 9 24
16 0 3 4 8
22 25 1 3 2
38 21 18 2 6
5 19 5 4 1
16 16 4 40 2
13 10 7 0 2
16 5 0 10 3
12 8 2 28 44
10 1 1 1 7
8 20 15 6 8
20 5 2 6 14
5 17 2 4 6
14 8 3 4 19
14 18 24 8 13
5 1 0 9 7
5 22 0 9 10
31 6 15 4 20
0 2 5 2 14
13 10 18 5 8
2 5 13 1 10
12 24 0 0 28
5 3 6 9 1
17 10 0 8 6
12 25 1 27 2
0 33 0 14 12
4 0 4 12 30
38 4 13 4 10
7 2 5 32 14
4 10 16 45 4
27 11 23 3 4
8 24 1 7 13
9 18 43 1 9
13 18 11 2 4
6 9 5 5 1
4 3 2 12 20
0 0 23 16 22
2 7 10 0 16
0 20 8 6 6
59 0 2 26 17
23 3 0 23 5
14 35 2 4 15
1 27 22 3 4
10 5 7 6 7
0 5 3 22 1
2 2 2 4 6
3 8 14 4 16
10 13 1 4 7
1 0 33 6 6
2 0 8 15 3
3 3 17 3 0
0 2 5 9 2
3 15 2 9 17
2 0 2 28 8
10 5 4 17 10
1 7 3 0 5
10 7 8 9 6
1 11 2 16 6
5 14 20 4 12
1 5 13 5 4
6 20 16 6 6
24 1 23 0 2
14 0 3 9 16
1 15 17 11 11
24 6 9 6 13
6 5 1 17 8
26 0 27 14 32
10 19 35 5 4
3 13 4 0 10
15 8 5 26 57
7 13 27 5 4
11 19 4 9 3
7 16 0 5 9
8 7 14 0 19
2 33 2 5 1
14 1 3 4 4
3 0 2 3 13
9 2 2 13 1
7 4 7 15 2
18 29 3 17 10
1 22 1 47 18
11 4 3 8 9
16 2 5 0 0
3 0 9 11 26
9 3 0 7 1
2 23 21 3 0
9 10 11 8 7
9 5 27 13 23
8 25 6 9 2
14 4 59 14 9
1 1 6 9 7
14 5 3 1 6
0 2 2 42 56
5 4 0 1 14
9 16 23 9 3
0 1 1 7 2
9 12 5 11 54
0 4 1 0 17
12 2 8 3 8
10 6 9 1 2
3 8 5 1 4
29 5 16 1 11
12 22 8 16 12
5 17 7 18 8
6 25 3 7 43
8 1 8 9 4
6 14 8 8 12
3 31 10 10 17
4 8 9 35 1
6 9 6 14 5
2 2 8 2 15
1 2 5 0 3
2 5 13 17 2
13 8 0 16 12
5 18 8 7 16
9 0 5 0 1
4 30 5 2 11
10 22 8 29 8
1 0 14 3 6
2 14 10 1 5
21 0 0 4 2
9 22 2 16 4
7 1 2 2 12
5 2 1 4 1
2 27 1 6 25
5 18 15 19 8
2 28 15 0 9
2 8 26 6 38
17 24 1 17 39
1 3 1 0 2
34 3 0 23 11
5 0 3 0 12
2 4 0 3 1
16 2 7 23 1
30 0 6 2 3
3 16 7 6 3
3 6 10 0 2
15 41 13 9 0
5 17 6 31 4
1 2 1 18 13
7 12 4 0 10
45 7 33 14 2
6 8 14 4 21
0 0 2 5 8
13 1 6 10 6
7 1 0 0 18
26 12 3 3 10
1 26 1 12 0
19 11 8 13 26
1 25 17 0 0
35 23 18 16 4
0 4 1 4 1
7 3 1 3 7
8 3 13 5 27
1 2 1 5 8
4 8 0 8 0
5 12 14 3 17
1 11 24 3 4
11 9 47 0 24
1 2 0 19 0
1 0 5 12 1
6 3 17 6 12
30 0 2 2 20
3 6 0 3 13
5 17 13 10 16
17 0 3 7 25
1 0 1 5 0
2 2 0 33 2
3 12 36 0 0
8 8 18 10 6
2 3 4 20 4
36 17 1 0 15
25 13 11 0 2
0 12 2 8 2
33 9 15 0 23
9 4 33 6 1
18 20 0 6 9
26 20 5 6 2
0 1 16 7 19
22 3 21 12 6
2 2 4 8 11
1 52 3 43 1
3 11 2 5 9
16 9 7 7 3
16 3 5 19 2
9 3 1 0 10
28 10 21 4 1
22 55 8 0 15
17 11 7 0 9
3 2 4 0 3
8 7 18 18 20
10 10 6 0 0
10 8 2 11 21
13 3 11 3 5
50 7 3 17 1
4 16 2 0 6
12 9 19 11 8
1 17 3 0 5
15 3 0 6 8
2 6 13 11 3
5 2 2 7 38
14 3 13 21 6
2 7 51 21 7
8 3 20 3 23
3 7 7 8 10
8 2 18 1 3
0 0 5 3 11
18 4 0 1 13
0 3 3 6 6
14 19 15 9 1
3 5 8 7 17
10 0 11 19 5
10 2 3 13 4
3 0 3 2 22
0 0 2 8 0
10 11 1 1 6
24 2 1 3 8
71 9 10 4 0
21 32 4 17 50
6 18 7 1 4
3 15 15 0 1
4 5 10 8 19
11 16 24 0 11
10 3 7 4 14
10 3 11 7 16
6 4 14 5 5
36 0 18 4 10
20 0 10 22 10
0 6 9 16 1
10 1 21 2 6
3 7 1 2 1
8 0 26 3 20
3 41 11 8 17
16 5 15 18 11
17 8 12 8 5
0 21 17 15 12
2 0 3 3 21
30 0 20 11 5
46 2 11 0 17
7 26 1 8 6
4 7 6 3 17
2 3 12 1 14
5 1 6 3 13
0 4 5 1 2
2 17 4 10 2
32 2 7 13 2
10 8 0 0 4
11 9 2 9 1
1 2 9 5 6
0 14 3 0 47
2 1 0 3 11
5 5 6 10 0
16 14 10 27 6
6 15 14 0 10
0 2 3 0 9
0 2 6 0 3
8 1 2 5 1
4 3 25 7 7
2 17 14 19 6
10 7 2 0 4
1 8 10 5 14
6 1 3 15 9
13 6 24 18 2
16 1 8 12 12
3 2 11 19 5
2 12 9 3 10
8 15 3 14 0
3 21 0 5 12
3 5 0 5 6
10 16 16 1 2
14 5 7 6 23
4 12 5 7 2
37 48 35 3 3
3 3 40 2 10
5 34 1 5 2
4 0 8 1 4
18 19 0 0 14
11 2 0 6 17
5 0 6 0 5
28 2 9 10 10
0 5 4 1 3
25 0 21 27 4
0 1 1 7 7
17 6 0 12 2
1 4 1 11 9
67 6 5 20 4
0 1 3 1 15
6 20 13 25 1
21 3 7 4 13
2 19 17 22 2
10 12 5 1 5
8 0 20 6 5
21 7 7 8 25
5 13 25 10 4
1 6 13 6 7
12 12 17 1 11
0 28 8 4 1
19 4 10 9 16
2 35 5 9 2
0 4 7 13 0
23 6 4 7 2
4 2 22 4 0
3 16 0 1 7
4 0 1 0 2
5 6 3 7 17
10 2 4 8 49
1 4 24 14 10
14 3 9 17 2
7 4 22 0 1
4 9 6 9 6
0 0 22 25 15
2 7 2 13 10
8 1 8 0 4
0 40 13 16 0
16 8 2 5 16
6 1 3 8 2
0 12 3 0 15
1 19 1 7 0
8 8 1 3 9
1 1 17 8 3
22 5 11 8 1
27 20 19 25 0
4 3 16 10 5
4 11 5 15 31
27 1 23 0 20
29 1 15 17 15
9 5 26 1 19
6 8 3 11 2
11 1 7 7 3
17 24 6 3 21
1 4 32 8 2
16 17 4 0 5
17 3 5 28 0
2 16 0 2 23
4 15 17 15 2
22 11 2 7 0
19 10 22 21 20
2 5 32 28 10
5 4 13 9 1
4 1 15 14 16
1 3 3 2 13
0 12 1 20 0
11 1 16 8 0
4 18 5 6 0
1 0 2 4 11
8 0 27 12 3
42 3 7 19 7
6 1 5 6 12
9 1 13 1 3
3 10 4 2 6
9 6 14 10 12
2 6 1 3 25
14 4 27 10 2
23 14 2 0 45
1 12 10 18 33
0 3 8 4 27
16 8 0 12 2
10 8 2 15 18
0 8 44 5 5
10 3 5 1 15
16 22 3 8 0
7 9 26 1 7
2 6 11 0 28
1 14 8 15 5
4 4 9 0 6
27 21 5 1 4
0 8 1 5 9
3 11 16 17 0
2 1 22 11 3
33 3 23 2 27
0 1 0 6 11
0 40 4 1 0
12 0 0 6 11
16 8 1 2 7
7 0 2 6 21
33 6 14 2 4
11 3 13 8 3
3 14 2 1 2
8 24 2 39 1
3 3 7 6 32
9 16 1 3 6
7 0 0 18 6
0 2 17 5 4
3 32 5 3 8
18 10 8 21 4
5 4 9 16 2
9 0 2 8 1
4 18 3 13 6
2 1 1 9 27
3 1 0 1 15
2 81 0 5 9
0 16 6 4 11
3 2 1 0 16
18 10 3 7 19
0 18 6 3 2
12 3 16 0 34
25 22 3 13 8
10 0 3 2 0
6 9 1 6 1
1 1 14 10 1
2 31 6 5 20
8 20 18 1 16
10 15 12 11 3
0 1 4 2 3
8 33 4 0 5
5 13 9 9 1
9 7 7 0 9
11 0 9 15 14
13 1 7 23 22
5 0 1 2 7
1 7 28 3 16
5 1 1 13 18
17 8 8 0 16
17 24 1 11 1
2 44 11 2 9
0 2 0 9 2
15 8 12 8 11
28 15 1 10 0
17 2 26 8 25
10 10 4 1 2
23 15 0 9 20
5 0 17 7 12
0 14 11 0 3
5 0 6 6 9
12 8 21 5 3
0 3 17 4 8
5 13 24 1 4
11 43 12 7 5
1 3 0 14 4
5 23 13 13 6
5 12 4 18 15
6 5 1 1 2
11 22 12 16 7
26 5 6 1 14
12 9 8 14 3
26 37 0 5 4
9 3 12 1 0
11 3 21 21 1
3 1 3 2 0
2 3 7 7 1
14 10 9 2 0
10 5 9 17 8
12 14 4 1 15
2 18 18 52 10
4 0 20 32 7
23 11 15 15 9
23 10 4 1 27
0 9 4 5 5
2 7 21 2 7
1 0 4 10 13
9 3 12 17 0
2 26 0 7 26
23 8 20 2 9
0 29 0 1 5
5 10 13 7 13
19 6 26 7 1
0 14 0 7 6
6 8 2 5 2
6 2 19 4 0
15 5 2 30 18
5 9 77 3 13
14 2 38 9 9
12 4 4 4 13
6 7 0 5 3
18 3 11 6 6
3 5 23 12 1
2 17 1 11 0
2 9 12 29 3
8 42 24 0 0
0 7 13 6 6
6 21 8 1 4
13 0 4 4 1
33 3 25 0 1
4 40 5 14 11
2 4 12 1 3
5 55 6 23 7
3 12 1 2 17
3 5 15 17 1
4 5 19 19 30
7 4 16 5 0
12 19 2 6 1
9 0 7 18 3
1 2 3 32 26
1 0 5 15 20
4 12 4 9 19
34 0 0 11 30
5 2 13 0 1
3 15 19 0 13
3 18 31 1 9
10 1 4 12 4
16 1 7 1 23
19 6 6 3 0
7 14 3 0 3
11 2 6 7 9
1 4 27 3 4
0 5 1 11 3
17 15 0 0 1
7 4 1 0 16
6 30 40 13 80
8 11 2 9 22
2 2 8 19 15
4 0 6 1 1
28 2 4 2 8
1 60 9 2 9
1 11 2 5 6
1 1 0 1 9
5 8 8 22 10
4 3 27 8 11
1 6 22 6 1
8 10 2 0 12
4 5 4 2 3
18 20 10 31 20
1 12 5 19 3
2 19 25 0 8
0 3 11 7 3
19 3 1 13 4
32 3 7 1 11
24 8 0 3 1
2 4 5 46 24
2 12 13 5 1
1 2 4 14 14
15 17 2 8 6
21 9 4 4 15
2 3 5 19 10
8 6 1 1 15
3 0 0 4 51
30 2 9 9 0
1 0 47 0 3
5 0 9 19 1
19 12 0 1 0
4 28 15 47 16
14 11 13 8 2
3 12 0 5 3
13 19 26 2 3
3 28 0 18 14
38 28 8 1 4
1 5 1 1 6
1 5 0 4 9
5 0 0 6 45
36 23 2 6 9
0 0 12 3 17
4 1 36 7 11
4 6 3 21 10
5 2 8 12 12
16 13 2 24 12
2 19 10 0 15
5 40 2 5 10
3 19 27 6 4
3 3 23 5 4
19 5 2 15 2
2 8 2 16 18
0 9 9 7 2
9 15 6 9 2
8 18 6 14 4
4 17 0 6 7
7 12 20 3 20
28 7 3 46 17
0 4 1 1 7
0 0 6 4 7
7 40 19 0 5
6 7 0 2 8
8 0 3 4 2
9 1 9 11 8
2 2 24 4 4
24 4 0 12 5
21 10 19 2 8
29 5 5 3 8
1 17 13 15 5
1 11 2 1 1
2 1 22 9 1
4 8 26 3 31
19 0 45 23 9
4 6 20 9 8
15 2 12 6 15
3 15 0 3 19
3 9 1 2 3
12 16 9 34 3
8 2 6 10 2
8 6 3 3 12
0 1 3 24 0
1 5 16 9 9
30 2 21 23 18
4 5 1 25 0
3 5 19 10 11
48 5 4 10 16
29 11 13 0 1
2 2 11 19 7
3 3 17 5 32
52 15 10 1 4
3 33 20 4 3
1 1 30 1 1
4 3 12 3 4
11 14 3 5 0
62 30 4 5 12
0 0 10 0 16
5 1 10 4 0
2 14 22 12 5
0 6 10 0 1
5 13 21 4 7
0 4 14 1 12
5 15 6 1 17
3 2 2 0 7
14 8 2 18 13
3 4 8 4 1
1 0 4 8 22
0 4 0 25 8
12 10 1 4 1
8 31 3 1 10
7 3 24 2 20
11 0 6 14 16
17 2 37 7 19
34 16 9 30 7
30 0 15 6 1
22 26 1 2 20
0 6 11 4 4
8 5 4 0 2
5 10 7 26 3
4 18 10 9 4
6 2 12 21 18
6 7 31 6 6
7 14 28 0 2
4 17 14 14 2
5 11 1 1 6
4 11 16 3 9
27 15 2 10 4
0 5 0 7 1
4 3 19 5 6
15 14 14 4 1
21 27 6 6 4
7 2 9 8 10
11 4 22 2 2
0 3 0 6 4
9 2 1 23 12
11 1 6 1 6
22 8 1 14 13
1 11 1 12 5
4 0 6 10 4
1 8 8 14 13
4 14 7 26 11
16 2 4 11 4
12 2 4 10 2
11 10 1 18 10
19 8 7 4 25
24 35 4 5 1
5 9 2 2 13
15 7 4 4 5
2 0 2 9 2
13 24 15 4 1
5 0 21 3 10
7 0 55 1 21
16 28 7 11 22
1 11 5 17 2
0 9 2 0 1
7 16 0 2 43
5 12 8 15 10
2 5 0 14 5
15 0 8 6 1
4 3 0 3 4
16 1 1 0 3
6 4 17 18 13
9 30 1 20 0
12 3 19 2 3
12 0 13 18 1
1 3 5 0 4
1 9 0 19 21
1 4 41 37 5
7 8 8 17 3
0 11 4 0 14
31 10 13 2 10
19 23 19 7 9
2 14 2 1 6
2 21 2 7 13
33 1 1 6 11
0 2 35 6 2
11 18 6 9 1
13 1 2 10 23
14 18 1 10 24
3 42 9 0 19
20 6 29 7 4
20 13 2 9 1
11 1 4 20 9
0 13 6 0 8
7 0 1 5 14
11 3 13 9 21
10 5 1 2 2
4 7 12 0 5
13 10 14 28 3
8 13 9 15 17
9 29 1 10 3
10 2 12 18 9
7 13 23 0 0
6 34 4 9 8
5 12 2 2 26
4 6 15 1 14
12 0 29 54 0
7 2 8 29 52
1 23 3 2 17
7 19 7 15 2
1 3 0 13 29
27 9 5 0 6
15 1 17 5 11
6 0 2 5 1
12 14 9 12 11
1 4 8 4 13
2 5 7 0 5
10 6 3 0 1
13 0 6 13 5
17 1 5 9 1
7 11 7 9 2
10 7 1 0 14
30 5 1 4 6
3 1 4 2 9
12 13 14 11 5
25 31 11 10 15
19 9 13 10 10
15 14 16 5 4
3 6 3 14 4
2 14 14 25 0
13 23 5 4 16
3 2 2 23 24
16 13 2 6 1
7 2 20 1 1
0 32 33 6 5
1 22 2 4 16
8 23 5 11 3
4 4 10 13 20
9 24 5 10 15
0 14 10 7 9
0 7 4 7 6
20 11 5 0 0
14 11 29 22 4
11 12 8 11 25
4 6 9 8 9
9 8 3 1 15
34 19 12 5 9
0 5 4 29 3
12 5 4 6 4
4 27 15 6 0
4 3 7 2 5
9 0 4 7 0
1 0 17 6 5
0 4 5 5 5
3 13 7 19 1
2 11 17 32 2
4 21 8 3 0
4 4 3 24 18
7 1 38 11 2
3 4 11 28 0
2 26 0 0 4
2 14 6 8 1
0 1 0 21 7
34 1 3 12 11
4 1 19 27 0
15 4 7 1 21
42 22 4 2 4
11 5 0 18 43
0 27 2 0 7
7 7 5 2 0
3 0 2 10 3
17 6 9 10 23
3 13 5 4 2
23 7 11 1 6
7 0 14 7 5
2 6 2 12 3
1 4 4 10 0
0 2 2 7 14
8 4 7 27 12
15 4 4 4 2
13 4 3 24 4
4 16 25 4 25
6 9 21 0 11
24 1 8 25 1
9 2 6 6 0
14 1 6 0 2
0 11 16 13 26
2 11 19 0 2
30 1 14 45 12
7 5 3 0 10
4 1 7 0 8
22 3 2 9 3
0 6 22 16 25
13 5 3 5 5
4 8 9 8 33
5 1 21 11 6
3 11 6 6 10
8 6 5 13 11
16 0 2 10 9
22 4 2 5 7
4 0 1 6 0
8 7 22 9 2
17 3 40 6 18
2 1 16 3 32
9 14 45 10 7
9 6 9 9 2
2 30 14 12 16
1 24 3 15 7
14 7 8 6 8
5 14 39 2 44
5 10 43 6 1
16 33 1 11 1
15 3 2 8 3
6 14 24 16 2
3 6 3 3 6
42 9 4 1 8
21 1 8 3 4
14 16 2 19 15
43 2 13 5 25
0 7 0 2 2
40 2 1 9 1
0 8 4 4 3
1 2 5 8 36
0 8 8 4 7
9 20 7 6 1
5 2 2 8 41
8 5 8 14 27
8 18 9 5 10
2 10 12 7 35
19 24 0 10 1
24 31 9 1 5
15 7 12 1 23
15 1 5 1 2
2 0 3 10 10
0 26 11 2 9
4 3 4 3 14
13 6 0 0 14
10 9 11 15 5
18 1 6 55 9
1 5 26 10 14
3 5 8 3 3
7 20 22 11 0
75 3 1 11 0
11 2 3 3 6
5 25 6 14 0
0 14 0 0 3
1 3 11 8 2
15 8 14 9 16
26 2 8 4 12
6 17 4 1 27
2 24 8 10 13
21 11 12 0 6
0 25 15 6 5
1 21 7 4 10
2 9 1 2 17
0 9 3 2 0
24 1 3 17 6
1 3 20 4 0
4 5 0 12 31
13 4 0 7 3
25 0 2 1 11
8 11 4 35 2
1 0 9 0 1
25 3 9 10 8
0 4 4 1 9
7 22 2 18 1
2 0 9 11 2
8 1 2 0 11
15 7 4 18 26
16 0 81 11 19
7 2 2 9 1
42 0 9 13 1
1 5 17 2 0
8 2 4 4 2
3 40 1 14 0
0 7 11 23 7
5 5 12 7 15
1 14 22 8 14
5 0 0 0 5
3 25 1 13 34
5 35 15 17 2
12 1 8 13 2
13 11 0 19 3
37 8 11 25 15
6 3 11 10 8
9 20 1 11 9
0 7 9 1 2
3 10 47 3 20
3 12 42 1 10
15 16 14 25 1
22 29 0 4 19
8 4 16 1 1
4 8 2 12 0
0 14 4 3 0
7 17 6 28 25
10 16 6 1 5
5 2 2 7 48
3 1 7 13 19
14 10 10 7 6
17 6 10 0 46
5 5 22 11 13
4 12 15 4 10
9 21 15 17 0
5 0 0 9 7
9 3 0 23 10
0 2 21 25 0
20 3 0 0 4
0 29 5 4 12
12 1 11 12 1
0 5 1 2 19
16 4 20 21 0
2 0 4 6 9
9 3 7 11 1
11 43 4 10 5
17 46 20 10 4
7 3 28 8 5
5 2 6 3 11
0 1 5 25 5
9 4 0 21 7
22 7 3 16 6
16 0 0 15 13
0 2 17 0 1
8 3 13 9 7
6 27 1 14 17
4 0 8 19 17
5 2 4 6 5
5 1 6 41 0
4 3 3 20 2
2 16 2 1 14
2 3 15 4 4
9 0 22 4 3
0 5 0 1 12
22 15 3 61 18
2 13 10 8 1
4 67 12 9 73
6 3 8 11 1
23 8 18 2 4
0 24 16 0 0
1 10 7 10 0
2 30 20 9 5
2 1 2 0 4
4 14 10 25 9
12 21 12 4 1
9 2 5 16 4
3 1 0 8 11
25 10 4 51 5
28 7 11 6 10
18 5 6 1 6
1 4 15 0 34
9 47 2 0 0
6 24 10 1 30
5 3 0 9 12
7 5 9 13 5
6 27 0 1 16
2 13 20 6 7
3 5 14 9 4
6 5 0 4 36
18 58 0 6 32
2 7 0 20 3
4 4 5 24 18
16 3 21 23 7
18 14 12 13 2
1 12 2 17 7
0 17 22 3 4
35 1 2 1 5
10 2 3 8 0
2 20 19 2 6
21 9 5 7 4
5 8 20 2 17
1 7 9 12 17
14 5 8 3 5
0 16 0 13 0
2 1 0 3 19
1 8 0 15 27
1 1 15 7 9
23 0 6 0 3
8 1 13 8 24
16 7 12 15 0
5 16 27 2 11
2 7 17 4 3
2 9 20 29 6
3 11 1 17 11
1 14 11 11 8
8 20 14 12 8
10 14 1 5 2
2 1 4 30 0
0 14 1 0 2
13 11 4 0 8
0 1 0 8 2
2 14 1 11 9
12 0 13 2 2
23 24 3 17 35
5 1 10 4 31
0 1 7 4 9
15 11 0 0 3
22 8 41 13 4
9 5 5 14 3
2 11 4 16 0
14 6 4 8 3
1 21 0 13 14
9 7 0 3 2
27 2 16 1 8
2 26 1 18 8
4 6 8 8 10
3 4 2 5 14
3 3 0 7 2
0 10 1 6 10
6 2 6 32 14
5 9 1 3 8
0 2 12 0 16
6 18 0 7 3
3 3 45 2 0
2 19 2 66 14
22 18 4 7 28
7 21 4 10 2
9 12 2 7 1
8 4 7 4 0
6 1 0 33 19
4 13 11 17 5
0 17 3 0 2
2 4 4 34 0
19 8 21 4 15
21 0 0 45 15
6 1 12 8 18
1 3 15 4 0
20 2 36 5 2
41 42 7 7 12
4 5 6 4 17
3 5 4 17 2
22 5 17 0 2
20 18 12 51 8
1 1 8 7 21
10 3 39 14 7
19 4 9 0 13
8 1 2 19 2
2 20 13 6 7
12 27 35 10 4
4 4 14 3 0
3 6 13 9 4
9 6 0 6 3
8 15 22 14 5
2 1 4 6 15
10 7 16 4 11
5 24 0 22 0
0 2 5 9 0
12 3 19 0 41
11 25 5 15 2
13 5 4 21 39
2 2 13 7 1
2 4 0 0 3
4 20 14 3 21
1 7 5 10 16
1 9 15 12 10
18 2 1 19 2
1 1 6 20 1
2 3 3 13 4
3 3 17 2 5
16 1 18 6 15
8 4 9 2 0
3 8 4 1 17
46 1 4 14 3
0 8 6 0 2
0 11 3 0 4
2 4 28 5 3
2 3 2 7 7
11 8 0 2 0
3 7 15 5 2
30 8 21 5 4
3 0 11 7 5
1 0 3 5 37
3 32 5 19 12
22 19 18 3 30
16 2 4 5 12
9 17 2 12 0
10 3 6 4 9
26 16 1 8 16
3 2 17 24 5
5 21 9 18 5
4 23 2 0 2
3 18 17 22 4
0 5 2 9 9
5 2 7 4 13
11 0 10 1 18
24 0 1 8 1
0 1 2 7 2
0 7 22 21 3
6 1 7 19 10
2 1 5 0 6
65 4 4 1 5
7 13 13 9 4
17 5 1 26 4
12 0 0 16 4
2 3 4 13 0
36 1 0 8 3
5 15 7 5 9
2 7 1 3 27
11 0 0 4 14
5 36 12 34 33
20 26 14 12 9
5 1 2 6 32
4 6 5 0 2
2 23 0 0 4
1 15 8 2 7
2 3 0 5 5
20 6 33 0 1
64 11 6 8 11
8 0 2 0 0
10 16 5 9 10
1 5 8 16 2
6 2 30 2 4
2 0 12 14 4
6 7 0 29 4
7 5 13 11 2
16 6 3 5 4
0 6 4 12 5
8 19 29 19 3
7 0 20 2 5
25 1 17 1 16
6 9 17 0 13
4 5 6 5 9
7 10 14 22 2
3 32 14 13 1
30 0 3 2 2
20 1 2 2 3
10 1 3 9 22
3 8 28 1 5
13 10 20 20 0
11 6 5 11 7
20 1 24 23 1
89 4 28 38 2
5 35 8 4 11
18 10 4 10 2
0 4 19 28 3
36 14 0 0 17
29 2 2 8 17
2 7 5 2 14
0 2 4 2 5
18 1 4 10 11
3 1 11 40 6
11 5 4 5 22
23 1 21 11 18
28 12 30 3 21
22 0 2 1 6
2 5 6 20 3
7 6 1 0 2
17 0 14 6 8
6 9 5 1 7
34 10 5 7 13
9 6 3 7 5
14 12 2 3 37
1 5 2 2 0
2 20 8 7 4
5 4 1 9 10
9 47 14 0 2
15 4 10 14 5
7 0 13 18 0
13 7 8 3 4
7 1 7 2 16
2 7 1 10 4
21 4 2 11 6
0 4 3 3 28
6 13 17 4 10
10 5 0 3 11
4 2 3 4 21
0 4 3 2 9
1 2 1 9 6
17 5 4 17 3
6 22 2 43 1
14 17 18 1 14
1 4 4 8 0
8 2 6 18 43
5 8 11 20 2
0 0 1 2 1
2 6 4 11 9
0 15 18 0 6
14 3 9 44 5
12 0 26 9 3
13 20 0 1 13
12 2 13 57 2
3 5 0 4 8
18 3 3 8 1
6 7 5 3 4
0 4 7 1 1
0 1 25 14 9
14 3 10 0 0
5 3 18 0 9
28 19 18 3 1
14 17 7 8 0
7 0 4 11 7
32 10 0 4 15
23 3 13 18 6
13 6 9 11 20
2 5 6 11 15
5 2 0 2 13
6 7 4 1 3
1 0 20 9 15
13 1 1 25 7
1 11 1 8 39
6 67 3 4 17
2 47 0 14 13
14 5 0 7 8
29 9 6 1 6
6 1 9 2 4
17 4 3 0 7
4 4 14 1 4
17 4 109 6 0
0 6 4 7 2
9 3 14 6 13
26 11 2 6 1
1 3 30 16 45
0 6 17 0 2
2 4 14 2 10
8 2 1 3 45
4 13 14 7 38
12 6 5 0 23
23 4 4 7 6
35 5 5 1 9
6 4 31 4 1
0 2 17 4 6
8 5 3 10 7
3 9 21 16 29
0 19 8 0 10
4 2 0 7 2
4 7 2 18 25
6 4 0 4 0
5 0 14 4 3
5 1 18 1 24
9 8 8 12 1
7 1 8 8 2
12 0 29 46 1
11 3 5 20 2
0 20 15 7 0
18 15 6 4 0
10 1 6 22 4
5 8 9 24 1
15 7 6 8 17
10 0 33 0 5
2 10 9 1 21
6 14 1 16 6
4 0 1 16 8
4 1 1 1 4
0 0 1 0 2
9 11 3 39 1
3 8 9 7 7
37 1 8 2 9
9 2 6 1 9
32 11 8 11 1
2 1 14 7 8
4 9 1 7 12
17 6 25 29 2
3 2 2 8 2
0 5 17 13 19
8 2 6 0 4
12 0 7 1 9
6 0 1 0 2
3 0 9 5 2
2 1 1 9 9
23 2 0 3 45
20 0 4 11 12
9 8 7 15 8
10 7 3 8 14
4 15 3 0 16
1 4 13 21 2
19 16 11 2 23
4 19 26 3 7
2 1 2 6 22
15 3 15 2 7
9 34 1 3 13
0 8 2 1 3
6 24 12 37 2
21 8 3 4 8
14 10 8 19 2
7 2 16 12 4
2 1 11 24 4
27 0 37 7 0
10 9 3 2 0
34 6 3 4 9
3 5 3 4 11
1 12 16 6 11
10 0 19 0 0
6 9 11 1 0
11 6 1 3 9
3 13 12 18 0
15 5 2 0 10
6 4 3 3 2
2 1 5 21 5
7 30 1 6 2
2 14 2 7 4
5 16 13 4 4
39 1 0 1 0
4 6 0 6 22
2 2 2 2 14
21 6 4 5 8
2 2 16 5 0
0 0 0 16 6
6 5 2 5 3
12 3 4 13 0
11 10 2 3 3
37 4 7 9 6
1 18 22 7 12
21 8 17 3 7
22 1 14 11 13
12 21 11 4 3
9 8 27 6 2
12 2 5 0 6
0 7 4 6 2
3 0 11 2 17
3 15 14 16 17
4 11 0 4 28
9 1 9 4 3
9 3 2 17 5
1 6 3 4 1
9 1 7 30 1
30 40 0 1 14
10 37 0 4 20
8 9 8 11 2
5 6 6 11 23
2 2 28 9 12
11 0 3 14 6
5 1 1 1 20
20 17 0 14 12
22 0 24 6 8
1 3 2 3 2
1 3 9 5 15
1 2 15 7 2
1 30 19 0 19
5 14 3 14 0
17 2 1 6 17
7 4 5 1 41
13 2 3 22 25
3 2 4 33 38
35 12 4 10 54
9 4 9 0 0
33 0 3 2 0
8 4 24 4 7
10 8 29 0 8
1 16 4 7 11
17 0 0 4 15
8 11 0 12 13
11 1 27 2 6
8 4 10 0 2
4 10 9 3 3
1 0 5 1 6
17 2 1 13 7
14 34 10 1 1
4 0 2 3 0
10 0 14 10 40
9 4 1 9 4
9 3 5 3 19
6 1 4 0 8
31 14 0 4 6
3 10 1 13 2
12 16 1 8 1
4 8 6 5 1
6 2 7 1 0
1 0 8 1 30
17 42 13 4 11
15 3 18 1 15
20 1 15 6 22
35 8 2 14 13
22 19 3 10 11
22 13 7 0 5
7 1 19 2 19
10 0 10 1 7
2 7 6 0 6
14 3 3 10 2
9 1 4 2 16
20 2 22 10 13
0 2 10 0 41
12 25 11 20 51
8 5 0 16 24
12 2 2 0 3
3 4 1 0 3
11 8 8 35 13
11 3 5 12 1
7 1 5 1 7
6 7 2 0 4
4 6 9 12 6
3 19 2 12 13
2 15 6 28 1
7 3 5 2 1
13 7 13 11 17
26 19 0 3 4
15 3 11 18 12
10 14 11 1 10
19 30 5 5 19
8 1 4 1 18
12 8 0 15 11
10 9 7 14 12
1 2 12 20 0
7 13 11 1 2
3 19 9 13 2
13 2 4 0 3
17 2 1 8 15
5 1 2 6 3
3 8 17 1 4
3 7 5 5 10
2 14 11 8 1
0 8 0 1 4
23 3 1 24 12
6 14 3 17 11
1 2 8 19 10
20 19 3 5 5
7 6 2 11 9
1 8 16 11 11
19 1 3 4 1
3 19 9 14 16
18 4 1 15 5
10 9 0 15 12
15 14 0 31 0
12 18 9 1 0
0 3 19 4 4
0 0 10 13 8
2 11 6 14 0
18 19 12 5 0
5 9 4 8 5
7 30 10 2 5
7 3 24 22 12
3 5 3 0 9
0 40 3 29 5
1 3 4 3 10
18 4 3 3 1
4 0 6 11 18
14 24 4 20 3
10 1 3 2 1
6 1 11 0 2
10 10 18 0 3
1 0 23 4 12
6 11 12 6 1
9 6 6 1 25
10 5 4 8 5
8 9 12 24 11
19 15 3 5 18
11 2 2 0 7
10 16 5 2 0
6 11 22 4 6
0 12 7 11 1
13 4 0 17 5
4 15 9 30 2
15 29 13 14 17
19 1 2 1 0
7 0 5 15 3
12 2 31 8 22
13 9 17 13 14
3 2 9 0 5
2 2 2 4 3
2 12 9 2 7
2 3 1 6 11
10 3 9 0 9
10 17 3 7 7
19 0 0 22 2
0 4 16 2 2
1 11 9 8 3
3 24 12 17 28
6 5 4 0 0
14 0 3 7 3
0 1 1 2 6
19 7 4 17 3
2 0 3 5 1
7 0 4 4 23
37 3 14 1 6
7 14 4 24 11
5 5 23 8 8
10 0 8 0 0
14 11 8 1 14
9 5 19 5 6
23 16 6 15 25
3 15 26 0 4
4 28 4 5 1
21 3 3 3 10
6 18 8 4 5
9 10 27 1 3
3 7 3 3 2
13 16 1 7 8
13 7 15 2 15
1 11 14 3 16
9 18 3 15 6
0 7 48 30 12
0 5 3 22 3
0 15 1 3 4
0 12 1 11 2
31 0 21 7 9
15 26 0 13 27
10 7 10 4 3
13 22 8 8 20
16 0 1 5 23
1 11 11 10 2
7 0 27 4 8
7 14 29 11 0
17 1 2 13 1
24 5 4 10 1
6 0 1 9 0
10 13 5 0 12
4 7 37 19 6
8 19 5 7 4
1 7 9 30 30
1 0 12 7 3
17 12 2 9 1
0 26 1 0 23
3 31 22 16 12
0 1 3 4 3
3 2 2 3 7
3 0 3 4 9
5 19 6 17 21
13 12 21 6 1
8 3 20 14 1
8 12 20 2 19
9 12 2 2 22
5 13 11 20 6
0 7 0 5 2
17 7 21 3 22
3 8 7 2 16
6 28 11 18 2
5 5 4 13 2
15 12 5 5 2
2 4 2 1 19
3 4 0 14 4
9 4 17 10 4
6 18 0 8 3
1 5 2 2 0
34 4 14 1 4
8 23 36 15 24
3 8 28 4 23
3 16 17 2 1
18 14 3 21 3
18 1 22 18 6
6 18 3 0 2
5 15 1 16 7
25 6 24 41 5
2 18 2 6 10
0 4 8 14 3
3 8 15 0 14
18 15 7 13 7
6 7 5 11 25
4 3 0 3 36
1 1 5 3 1
7 27 1 1 15
0 5 9 0 15
5 13 8 8 5
13 37 1 12 7
6 9 5 0 10
6 2 3 20 10
42 26 33 4 6
7 2 5 18 14
2 7 6 2 6
6 2 21 2 10
5 9 3 0 13
12 1 3 0 0
9 8 14 28 0
6 6 20 4 1
7 15 0 6 31
0 26 24 28 1
9 6 2 1 0
2 6 24 1 28
18 7 40 3 6
19 0 2 44 12
2 6 9 19 3
7 4 6 9 5
7 1 18 4 4
16 34 4 1 0
12 1 11 17 2
6 0 8 0 1
14 9 1 0 1
19 9 1 3 0
12 5 2 13 11
1 20 3 1 8
12 3 12 6 20
27 5 0 27 13
2 14 6 11 7
0 1 3 8 6
12 1 0 9 14
5 5 8 1 14
7 35 3 4 23
2 68 1 1 0
1 1 3 6 2
1 5 15 3 6
17 8 1 3 4
3 0 3 0 10
2 26 10 12 3
24 7 8 3 16
19 0 3 18 0
36 15 23 2 3
1 5 2 0 13
2 9 12 41 12
12 0 1 2 14
0 7 0 2 55
26 11 3 27 26
1 20 14 32 16
7 18 0 22 16
15 15 42 1 42
6 0 0 21 13
8 6 0 6 7
4 26 4 0 2
8 3 3 21 2
9 33 16 13 17
4 29 3 15 13
4 25 8 19 4
6 0 7 16 28
7 2 15 5 3
0 12 8 46 5
15 0 0 0 5
9 1 4 19 18
11 6 2 3 9
1 3 1 1 0
0 16 1 26 12
12 5 12 36 17
2 0 1 0 1
2 9 13 2 22
0 37 8 2 7
3 0 29 0 17
18 2 6 8 5
17 5 2 17 5
0 8 1 0 2
37 23 23 3 3
6 14 5 3 1
10 1 0 1 19
24 6 5 16 4
17 5 29 1 18
9 5 2 2 3
31 16 1 13 7
1 1 12 1 2
6 15 10 4 6
30 5 1 2 6
36 5 15 16 10
2 12 0 2 10
0 6 3 3 36
3 8 23 11 16
9 37 3 2 8
3 1 3 2 3
27 7 24 0 15
4 0 0 10 4
15 1 21 3 1
3 2 9 2 0
8 5 2 3 2
1 7 12 3 0
5 4 8 8 7
6 9 18 14 12
20 0 4 2 0
17 12 13 1 20
12 17 22 5 26
20 11 12 24 15
12 0 26 4 12
0 3 0 25 2
0 5 20 13 0
0 13 0 22 3
2 6 11 3 8
13 0 2 6 15
6 9 3 5 4
0 9 6 1 22
1 5 6 6 1
30 7 6 7 32
3 22 13 2 2
9 6 6 2 7
0 2 18 7 0
8 11 1 23 6
1 0 5 7 10
6 4 4 12 15
5 20 9 6 2
9 5 5 5 14
0 15 2 10 1
2 1 5 3 2
14 14 9 3 1
15 12 1 3 4
14 10 3 14 7
10 18 0 0 6
1 13 3 8 5
16 5 2 13 13
14 0 20 6 2
12 12 12 0 2
13 10 6 25 3
1 0 3 2 4
11 6 11 27 0
0 3 1 15 12
5 19 11 7 7
25 18 2 10 16
6 6 0 10 4
4 19 5 14 6
25 68 18 9 27
11 2 8 1 5
2 2 3 8 9
10 0 9 3 0
0 2 6 12 4
13 16 18 4 3
1 9 27 14 5
0 5 7 9 4
6 11 10 7 10
0 4 24 1 11
16 0 6 11 42
18 0 0 2 20
6 11 9 3 23
5 57 9 13 13
6 0 1 8 2
13 11 9 1 0
11 9 17 6 6
4 0 12 0 11
2 7 2 5 0
6 7 25 33 0
14 9 4 15 5
1 2 16 18 8
3 7 11 45 7
4 0 0 2 34
11 14 5 33 14
0 10 0 12 6
8 10 0 5 31
2 8 5 1 1
3 23 28 2 0
17 20 5 0 18
37 0 0 7 8
8 2 32 10 12
28 20 2 3 15
2 14 32 6 1
0 15 2 3 3
29 0 19 2 3
3 2 0 0 0
37 4 7 3 2
2 4 12 43 23
3 10 24 9 2
16 0 6 6 7
10 11 1 5 0
0 11 3 5 0
3 2 15 6 28
17 0 20 9 3
6 8 1 55 22
7 16 9 0 35
5 23 38 2 9
2 26 3 2 3
6 4 0 0 8
6 5 4 9 3
13 7 8 6 1
5 29 12 4 1
12 16 0 3 7
5 12 4 27 6
10 7 1 21 4
8 2 2 1 7
20 2 0 3 6
1 5 10 6 3
17 12 12 3 17
7 3 4 27 3
62 0 11 5 6
6 3 1 4 12
8 13 1 6 2
18 66 1 22 13
27 8 9 0 14
11 5 2 3 2
4 7 20 6 6
12 17 1 6 32
18 4 34 4 2
7 15 1 4 5
2 11 16 26 16
12 17 3 3 3
47 8 9 11 0
0 31 11 4 2
5 2 0 2 1
12 0 13 16 16
0 20 1 1 5
3 2 29 19 3
20 25 0 10 22
4 5 10 12 12
6 0 0 4 29
22 9 7 5 7
6 10 0 6 16
31 10 0 5 17
7 6 11 42 0
15 2 2 15 18
0 6 4 0 1
5 1 9 12 9
7 12 0 3 3
13 4 0 17 9
4 6 11 5 0
4 5 19 14 0
11 21 1 1 3
40 13 11 12 19
4 0 0 2 10
0 4 22 15 9
16 30 2 0 18
3 3 11 5 6
13 10 2 2 1
23 24 7 8 0
4 0 1 5 5
1 7 2 2 34
0 17 7 0 11
5 2 10 3 26
9 13 8 9 7
22 1 4 0 13
0 4 20 15 4
15 0 44 4 0
6 22 2 20 22
3 12 13 9 5
3 18 11 4 18
7 6 5 1 20
2 3 7 22 38
20 0 21 25 4
4 49 3 4 8
1 13 2 4 12
6 3 0 6 28
6 2 0 11 15
3 3 1 9 0
36 3 13 7 1
2 11 1 28 3
0 1 0 13 12
0 2 4 13 10
26 3 14 5 7
1 48 2 1 7
7 0 3 26 1
11 5 6 4 7
6 2 2 40 2
2 5 1 9 34
18 1 8 12 1
1 11 3 18 13
12 5 20 7 0
4 2 2 1 5
17 13 3 9 3
14 0 32 4 19
10 4 20 1 13
6 10 2 9 15
9 1 0 20 7
7 1 6 6 1
1 4 14 7 1
0 8 19 10 12
32 0 2 1 0
2 10 12 1 17
21 12 2 0 4
0 4 6 3 7
4 5 5 0 6
5 4 1 0 15
11 23 18 41 0
3 20 13 3 0
8 19 2 31 24
0 5 2 1 18
38 2 9 8 34
25 11 6 2 2
16 3 11 16 17
4 5 1 13 19
1 6 5 3 10
12 10 22 1 0
7 2 1 3 13
7 7 4 5 3
4 12 1 5 5
12 1 8 0 3
32 22 14 34 15
3 9 4 2 1
8 3 7 1 1
3 11 36 5 6
3 0 16 30 8
0 2 5 5 36
16 3 11 16 3
6 7 14 1 7
4 29 9 13 10
1 6 0 4 1
22 14 9 16 0
13 4 2 1 13
6 4 10 31 17
7 23 13 1 18
12 0 0 7 4
4 11 2 10 35
16 10 12 12 3
8 7 11 18 11
4 8 7 5 2
18 1 2 2 0
14 6 14 4 2
19 9 8 9 12
0 12 1 5 9
1 2 17 10 17
9 31 10 26 1
0 27 1 16 0
3 7 16 6 0
6 0 7 7 4
4 1 0 22 0
16 3 11 5 8
2 1 5 6 17
3 26 3 14 11
4 21 10 12 20
1 27 1 20 11
0 2 7 16 0
2 2 5 13 20
11 4 12 8 0
1 0 3 2 7
1 1 23 1 1
12 25 5 1 3
0 1 1 2 12
4 20 8 2 33
11 9 4 2 12
5 12 13 1 14
0 16 7 2 2
17 13 0 0 0
2 3 19 7 25
6 5 12 1 11
4 22 11 2 0
108 5 5 22 18
4 6 14 23 26
6 1 0 0 10
0 3 2 0 5
17 6 0 4 1
0 5 45 0 0
11 4 23 14 7
4 2 5 1 5
18 20 1 3 2
2 2 7 9 13
2 6 1 4 10
1 8 8 24 2
7 0 7 10 2
0 0 39 11 1
10 4 0 7 10
3 16 1 9 5
3 42 15 5 30
2 8 13 11 16
0 0 23 0 4
22 24 24 1 11
11 10 4 8 1
4 2 1 10 12
12 25 7 12 34
5 52 6 0 9
8 20 7 9 2
17 29 7 37 3
5 30 18 4 16
6 3 0 27 17
11 12 4 2 8
1 5 0 3 4
0 5 31 11 24
12 2 2 15 12
2 13 0 0 0
0 0 7 5 9
4 2 3 33 18
25 5 18 13 8
4 5 5 2 3
7 0 4 14 5
15 3 7 5 2
6 7 5 8 17
0 5 18 0 4
0 13 9 2 2
6 6 16 9 1
4 4 3 2 16
9 16 5 56 20
7 8 13 2 15
1 29 3 31 8
12 4 2 32 5
14 4 9 0 20
5 19 4 3 13
2 10 17 18 5
9 12 0 11 53
13 6 5 0 1
3 21 4 11 3
2 12 24 1 6
24 2 10 6 12
26 21 2 0 0
12 13 0 6 2
7 20 1 2 10
15 0 26 32 1
1 10 1 0 0
26 30 7 11 4
11 6 14 20 2
9 2 3 4 2
7 1 8 9 2
11 7 31 1 39
4 3 6 2 3
8 11 4 14 1
5 24 1 39 1
6 5 1 0 0
7 24 6 22 6
19 12 14 1 8
17 1 5 5 14
14 13 1 18 0
8 3 3 2 0
2 12 0 11 1
20 0 6 15 13
9 1 4 6 1
8 3 12 6 4
3 6 2 8 0
2 9 1 12 9
2 12 11 4 1
24 5 4 12 6
4 2 22 29 4
6 5 9 0 4
37 9 24 0 2
2 20 9 1 7
6 1 10 12 0
5 0 1 7 3
10 1 17 7 16
38 2 2 3 8
1 22 22 11 4
14 6 0 30 0
4 2 8 1 8
35 7 2 3 6
10 12 8 5 57
2 2 4 11 15
7 2 7 5 1
4 2 14 2 3
1 27 0 5 3
9 19 1 5 10
10 0 16 8 7
2 0 6 7 16
8 0 2 17 6
12 11 1 38 4
19 8 5 8 16
10 15 4 22 1
16 4 18 9 12
2 5 0 15 6
6 6 39 1 21
2 17 12 1 18
18 6 15 2 5
0 61 0 7 2
23 0 9 0 7
8 9 2 0 3
23 1 22 9 4
18 10 6 18 0
4 1 10 3 5
1 1 0 10 2
6 16 3 11 9
1 7 9 9 4
5 11 2 8 6
4 11 2 24 0
2 14 19 5 15
0 5 0 17 6
4 27 6 27 1
6 2 13 1 3
2 2 0 0 9
14 1 2 0 6
2 30 12 3 8
2 10 3 6 10
7 10 11 12 25
36 20 23 0 8
15 9 19 9 1
11 2 11 3 0
4 13 7 12 8
38 5 0 3 11
7 18 13 3 7
3 12 24 2 25
19 7 5 26 3
28 0 1 8 15
2 29 0 5 13
6 21 12 21 0
10 4 9 0 25
4 1 6 12 9
15 10 11 0 18
2 1 8 7 1
0 11 7 14 0
4 33 11 32 0
13 4 3 0 14
4 6 12 15 10
0 16 15 14 1
20 35 0 5 6
5 9 1 11 33
0 2 1 1 2
17 3 35 25 2
0 3 12 2 3
15 9 3 39 13
4 2 2 10 1
6 0 16 0 18
0 3 15 5 2
1 2 2 7 18
1 9 12 7 5
2 2 24 4 4
25 14 6 0 10
0 0 1 23 1
7 14 11 9 0
1 5 1 2 8
17 24 28 19 2
15 32 5 9 3
1 5 1 5 15
3 2 1 0 0
16 11 6 8 10
33 0 1 13 1
6 7 10 6 31
0 19 1
