6 12 1 18 27
2 2 6 15 9
8 0 8 53 2
15 10 0 6 6
7 4 13 3 0
4 4 7 0 8
3 18 0 1 19
14 2 8 17 0
8 9 12 15 9
18 5 5 37 3
4 1 0 4 8
19 18 5 6 6
1 0 11 8 2
19 5 9 18 18
16 10 2 13 12
42 2 17 6 14
6 27 15 5 0
23 8 2 36 2
0 10 0 10 19
5 5 3 10 20
7 47 13 1 22
3 11 10 21 1
3 4 0 18 5
1 21 12 1 5
0 6 10 18 3
1 0 33 7 4
10 3 6 9 1
9 10 8 11 17
2 3 24 14 3
3 0 20 0 1
6 7 13 20 3
3 34 5 2 23
26 3 1 8 5
24 3 8 2 3
0 6 10 13 3
0 16 1 4 3
21 9 1 3 6
10 0 3 2 6
22 1 3 1 11
2 1 6 8 4
24 2 8 2 19
13 7 4 4 6
4 13 6 12 14
11 1 1 38 8
5 1 3 40 11
2 5 4 2 3
1 6 22 4 10
14 1 6 3 9
18 7 5 2 10
2 1 20 0 0
8 2 2 2 5
8 9 3 15 1
9 2 21 0 3
1 11 10 5 9
22 6 2 19 11
9 19 10 4 14
2 29 0 7 3
25 32 19 12 9
24 2 2 21 4
0 10 30 4 5
16 7 2 12 9
15 9 0 15 9
7 4 0 11 16
5 0 22 0 0
20 6 2 10 1
2 9 0 4 4
6 19 12 15 15
3 10 3 29 2
4 20 4 8 10
3 9 13 25 17
14 7 9 5 4
4 12 5 8 2
7 29 5 13 6
15 4 16 7 1
43 19 18 1 0
6 43 1 18 22
18 10 2 0 9
11 11 4 13 1
2 11 23 8 6
8 0 3 0 0
20 2 0 3 7
2 3 3 2 9
2 0 14 1 4
2 17 3 2 1
9 0 4 1 11
7 4 0 7 11
1 6 0 3 12
21 11 23 10 0
1 13 0 3 10
15 6 7 17 12
11 20 5 6 1
12 0 0 16 8
9 19 28 11 38
5 25 16 13 0
11 4 0 12 0
11 3 5 0 10
2 1 4 5 2
2 10 6 0 2
11 3 21 14 0
5 22 0 3 3
5 4 12 6 16
6 6 31 8 30
5 8 6 6 3
3 2 7 12 11
7 8 3 0 6
1 9 3 17 4
16 4 8 7 11
10 3 10 6 16
8 11 10 6 0
6 34 5 26 16
21 0 2 8 1
11 6 0 0 1
3 4 0 1 2
1 4 1 8 38
11 2 2 1 4
18 38 1 6 2
3 33 11 2 33
19 13 13 15 6
22 22 8 1 13
3 2 7 4 18
16 8 1 4 2
5 5 25 15 3
2 1 1 6 14
0 4 21 5 5
3 0 6 1 16
7 23 5 16 2
25 18 9 23 8
11 11 4 1 18
10 5 35 1 15
13 14 8 9 3
8 2 19 0 25
25 8 0 14 13
8 5 7 4 0
13 5 3 33 3
5 14 3 10 1
7 31 3 4 0
15 2 17 7 18
21 5 47 10 20
9 0 0 11 2
10 1 33 6 1
0 14 37 15 4
4 2 2 3 5
17 1 14 8 5
6 7 10 8 7
2 8 7 19 12
4 12 3 26 7
0 3 4 1 7
20 2 7 2 1
3 24 12 36 3
2 4 10 1 12
17 3 7 3 2
17 0 5 4 29
4 1 9 3 4
22 2 4 7 9
0 4 4 2 26
3 13 3 1 12
34 31 0 21 1
2 11 4 6 2
6 10 5 6 10
12 11 9 8 0
9 4 8 5 11
8 13 3 5 19
4 29 1 2 0
7 26 0 1 9
8 0 6 3 0
3 12 4 2 17
10 8 0 5 10
13 6 11 4 0
11 8 8 1 25
22 12 33 0 5
17 1 26 0 27
5 1 6 7 6
30 11 9 1 11
0 18 32 4 1
1 3 4 17 21
4 4 10 2 0
10 10 21 12 14
15 21 14 0 8
42 22 4 0 29
12 5 1 14 4
11 2 0 21 7
2 0 8 8 6
1 3 5 4 22
3 6 6 0 13
14 3 5 12 7
13 15 16 0 16
4 4 2 4 1
2 5 2 2 5
4 2 16 3 6
7 1 5 4 5
19 4 3 5 5
8 9 12 2 17
28 0 9 6 11
5 12 9 4 29
40 2 6 32 0
15 5 5 17 11
4 14 1 14 20
10 4 0 4 10
20 2 4 2 6
6 9 7 4 0
12 6 13 17 2
20 31 16 2 3
14 7 19 4 3
8 3 8 5 4
3 3 0 5 0
36 1 9 0 11
29 11 16 11 0
3 0 2 4 5
0 0 1 2 26
10 9 13 11 20
5 16 9 33 2
0 0 8 3 11
17 2 19 29 3
7 1 16 0 9
11 9 0 17 4
8 5 3 2 1
13 16 0 13 0
0 11 6 34 2
6 6 7 0 3
5 7 7 19 2
5 1 1 2 16
7 7 0 3 14
6 0 20 15 14
8 3 5 22 11
5 8 1 2 6
8 12 23 16 17
9 11 10 0 7
20 11 11 1 6
6 0 3 4 0
33 7 50 3 5
7 6 4 0 10
4 11 11 12 3
9 2 3 3 7
20 5 34 12 14
0 22 4 34 1
11 0 47 11 13
7 5 20 9 6
6 0 12 20 4
5 13 43 17 4
5 1 18 9 9
2 7 1 4 2
10 2 10 3 3
13 3 5 9 9
2 1 12 1 4
17 0 12 1 16
2 7 5 7 2
2 16 13 15 32
0 22 11 1 4
4 21 6 32 5
9 20 2 0 14
10 31 7 6 5
8 10 6 4 3
9 10 18 0 9
11 11 2 3 7
4 14 63 1 29
23 18 16 7 3
34 4 3 3 6
10 11 8 6 5
7 4 3 0 1
3 0 5 23 7
13 0 5 8 7
4 1 2 2 6
3 4 5 6 8
1 20 4 16 13
4 13 25 2 11
1 0 8 2 8
4 14 15 5 27
8 4 23 20 1
2 14 4 11 1
13 57 3 7 8
16 1 6 1 17
0 5 2 0 11
0 1 4 32 1
5 18 0 8 4
4 6 3 3 3
0 12 6 0 6
10 1 3 11 11
13 0 21 0 7
4 1 0 0 15
59 0 9 1 18
33 2 55 1 26
4 4 21 18 3
5 4 19 7 2
3 4 2 2 3
0 5 9 13 9
8 17 24 22 10
0 7 4 2 5
28 51 5 26 3
2 1 2 2 9
12 6 24 3 15
4 10 1 13 7
8 2 8 0 1
6 0 12 18 2
15 2 1 11 1
13 10 14 20 7
4 0 37 15 54
17 2 3 5 1
7 17 3 9 21
17 2 5 0 6
4 23 23 4 10
9 10 11 8 3
7 1 17 2 1
3 4 3 14 2
6 1 7 18 11
24 36 12 3 3
2 10 0 12 0
7 0 27 3 30
7 3 10 7 0
6 8 4 0 6
0 3 9 9 3
41 4 4 1 6
19 22 6 6 34
14 14 3 8 2
10 13 3 47 5
20 3 13 10 12
0 12 3 25 7
25 11 0 12 2
23 18 7 8 7
21 14 6 13 12
3 12 3 2 2
7 2 5 0 0
8 2 6 7 7
10 4 4 20 31
3 0 6 13 38
2 10 2 3 15
2 1 2 0 0
13 4 0 5 14
2 4 23 7 1
9 4 3 23 46
14 8 12 23 27
0 16 6 2 9
1 6 31 18 29
6 0 7 5 1
8 5 8 20 22
4 10 9 13 16
0 1 3 15 33
1 5 6 2 0
11 10 26 17 5
3 2 5 2 6
10 2 16 22 13
6 18 6 10 14
4 22 7 9 6
11 15 10 16 0
3 9 8 10 4
31 4 21 0 9
6 24 3 3 4
9 15 12 0 8
2 1 6 1 8
11 1 11 20 3
23 13 17 0 9
15 5 15 0 3
1 11 16 2 8
10 10 7 8 0
1 8 2 11 14
27 7 3 10 4
0 6 16 4 0
2 0 24 23 1
26 0 5 2 37
4 18 3 9 11
6 0 11 3 13
3 5 12 5 2
1 10 1 3 2
5 8 2 2 7
8 5 24 1 1
8 19 4 17 1
5 5 1 5 3
2 22 2 13 29
3 4 14 7 9
13 0 6 12 13
0 1 6 7 4
10 4 12 6 10
16 27 3 23 2
6 3 1 1 2
4 2 17 27 13
13 4 7 0 0
4 15 25 1 6
13 7 6 0 39
13 2 18 3 11
1 3 16 3 23
6 3 6 1 10
13 9 8 3 2
11 2 21 0 14
12 7 8 30 0
40 29 15 2 10
27 0 6 15 12
14 25 5 4 21
5 12 0 2 29
5 12 16 1 9
1 4 2 1 6
2 11 1 8 0
3 49 16 20 1
11 21 17 5 12
18 2 5 3 1
1 3 6 8 1
30 3 1 7 37
1 0 2 31 7
1 8 1 3 0
1 1 20 9 15
7 17 1 4 19
7 4 4 9 9
2 17 0 22 1
2 13 5 6 10
14 9 19 3 5
7 0 33 28 13
1 6 9 4 8
11 30 5 1 1
7 4 9 9 8
20 0 9 2 7
1 8 0 0 10
13 12 43 3 4
21 0 4 3 0
1 3 4 6 9
12 14 6 14 2
13 0 3 14 1
0 10 21 4 20
11 0 2 13 2
15 13 1 12 3
3 9 5 0 1
2 10 0 2 5
3 0 9 5 4
3 8 7 12 15
0 10 25 1 6
3 7 56 0 36
4 3 4 17 0
15 14 4 2 7
36 26 22 3 10
9 1 0 7 42
17 2 18 19 4
2 5 3 0 11
5 5 3 5 10
1 45 3 4 2
3 6 4 10 2
8 3 3 2 11
1 21 0 2 12
10 0 2 3 16
7 12 4 4 0
2 31 17 3 11
4 25 13 0 1
25 6 5 3 4
5 16 2 4 10
13 7 5 1 0
9 9 24 3 4
10 27 7 9 22
13 0 0 0 7
2 6 11 14 23
11 2 0 7 3
9 4 22 11 11
2 6 15 0 11
2 2 6 29 3
34 0 9 3 3
0 13 0 3 20
7 8 2 0 5
4 2 6 7 8
4 4 4 2 12
5 2 0 8 3
13 0 1 35 14
0 2 2 4 5
0 2 7 6 8
9 0 15 14 6
1 1 4 8 9
0 18 1 8 4
5 13 21 10 5
12 2 2 3 7
3 5 2 2 1
37 3 0 3 0
2 0 1 2 6
5 21 0 47 4
5 12 5 11 2
5 12 1 14 1
14 14 16 2 17
3 6 6 0 16
3 12 5 16 7
9 0 0 26 7
14 1 16 11 5
7 14 2 1 2
5 3 24 42 6
0 26 0 2 5
4 7 4 6 2
39 1 2 5 20
25 14 15 12 10
6 3 0 11 0
4 0 0 27 3
1 23 6 7 8
14 1 1 0 7
7 0 8 12 1
2 7 23 51 1
1 14 9 11 7
1 1 14 8 61
40 11 3 9 10
5 2 17 10 20
0 10 0 16 7
2 24 1 5 54
2 7 24 7 2
3 5 30 11 14
0 4 11 19 14
2 12 18 26 1
18 3 26 17 5
17 2 3 7 5
3 12 9 15 18
5 2 1 0 0
32 6 13 22 13
9 0 2 1 2
25 1 11 0 22
35 20 7 6 13
0 8 0 6 31
4 11 2 5 6
10 1 25 7 3
2 3 1 3 0
14 12 0 1 1
6 8 9 2 1
0 4 0 18 4
10 0 15 17 1
5 6 11 29 17
0 41 8 21 8
7 7 6 20 31
8 13 2 5 3
21 7 13 19 0
9 2 23 6 4
4 9 6 5 1
1 7 8 4 9
0 13 17 11 12
51 10 8 5 1
5 5 4 5 0
3 1 23 19 0
5 33 12 13 3
24 18 9 3 2
5 8 4 10 6
0 0 3 0 17
29 0 8 7 3
25 7 15 6 5
4 2 6 7 5
11 16 1 0 10
8 14 7 3 1
6 0 5 0 0
21 13 4 5 3
4 13 0 51 6
8 5 8 21 12
5 1 13 9 4
7 7 36 2 5
3 0 9 1 2
0 10 5 20 2
9 17 1 21 9
8 15 1 28 3
1 3 23 9 16
44 13 31 7 4
10 31 3 19 1
9 9 4 5 1
0 6 0 8 8
7 3 2 2 10
0 13 2 6 34
12 0 8 2 27
12 10 7 10 18
0 12 18 0 66
0 7 17 4 5
24 5 3 2 4
6 4 1 0 8
0 21 10 25 1
4 13 5 13 18
4 5 2 2 26
3 45 23 8 23
1 23 8 2 6
0 0 4 8 11
25 6 2 0 6
4 2 4 3 10
20 1 3 3 0
5 0 0 13 7
4 34 0 31 2
1 10 38 5 45
0 19 5 9 4
1 4 6 3 5
1 13 1 11 0
9 18 30 30 13
8 7 1 14 10
8 55 18 3 9
12 1 14 9 1
2 11 0 23 48
1 8 5 12 25
26 6 1 25 2
1 2 4 3 8
16 0 30 2 2
6 33 4 18 6
3 3 0 2 9
4 18 10 31 20
10 2 12 5 4
9 4 4 6 30
2 3 6 33 0
2 43 17 2 15
10 25 15 4 1
8 1 16 3 8
9 6 4 0 6
13 2 9 1 19
8 4 17 10 6
13 1 13 15 1
25 10 3 0 1
33 12 16 0 25
8 6 5 20 5
19 3 12 8 26
0 0 14 2 7
70 22 17 0 7
21 5 1 5 1
4 9 0 0 0
3 0 19 20 1
39 23 24 9 3
4 14 0 13 34
3 22 2 3 3
0 4 11 13 13
0 28 16 26 0
7 25 32 5 13
3 12 6 0 1
2 19 21 0 10
16 2 2 2 2
1 16 13 1 11
0 2 1 10 5
9 1 1 1 11
0 3 13 3 3
3 5 8 3 3
1 15 18 2 2
1 6 29 0 14
21 10 20 13 11
3 8 11 8 4
17 0 1 2 5
31 11 4 10 1
11 18 4 22 2
30 6 5 0 2
11 7 0 1 11
14 2 10 15 14
1 0 30 1 7
40 20 0 37 10
5 4 23 4 17
13 2 3 31 8
12 0 10 3 3
11 4 5 10 17
0 5 26 14 10
2 1 5 0 12
4 2 23 7 0
1 17 42 0 4
0 4 3 2 55
5 22 3 3 8
2 10 0 17 2
6 28 0 2 17
36 7 0 2 2
2 6 3 3 4
0 14 4 1 6
0 10 8 7 15
5 6 15 7 4
9 3 1 1 10
19 7 11 5 1
1 10 8 14 11
3 6 25 10 17
5 7 14 12 8
3 23 2 2 14
23 10 12 12 0
0 0 1 6 2
0 15 49 2 9
14 9 28 2 27
4 16 6 5 20
3 5 3 12 1
1 10 10 0 21
7 17 1 8 7
26 8 46 5 10
22 1 1 7 2
9 1 5 4 2
17 12 2 25 21
39 0 2 0 10
3 9 21 15 7
21 7 1 1 22
11 0 4 6 1
1 0 2 3 4
4 7 2 7 10
2 10 1 3 10
2 1 6 16 22
0 0 11 11 0
5 4 19 2 6
3 12 8 19 0
10 18 7 2 10
6 0 3 16 6
11 0 8 6 1
18 5 4 30 0
18 12 3 2 4
10 5 4 10 2
3 3 7 18 25
7 0 5 19 7
21 9 0 4 6
3 9 15 5 4
5 9 3 1 8
12 0 1 6 10
4 37 1 38 7
2 18 3 4 4
10 2 6 19 19
0 1 1 4 12
2 4 3 13 14
9 15 15 23 2
25 4 4 20 1
14 27 18 0 1
11 2 7 2 13
21 7 9 5 2
0 1 11 3 2
29 10 33 12 40
0 2 2 3 0
21 0 2 2 0
12 5 3 8 4
1 2 19 13 25
0 56 10 25 25
2 0 29 3 11
2 9 6 1 19
17 25 1 20 4
2 0 9 4 2
4 7 1 5 5
15 0 12 1 7
1 3 11 4 14
15 16 12 2 5
3 2 5 8 2
19 6 0 6 3
5 5 11 7 1
3 9 8 3 2
21 1 26 12 21
5 14 8 1 5
3 21 11 1 9
3 4 10 4 6
21 44 4 4 8
1 3 7 3 8
7 14 3 9 14
8 0 21 2 2
0 2 23 3 18
66 1 6 17 4
0 6 3 15 1
4 6 7 2 7
3 1 14 5 5
8 5 0 3 8
1 5 16 6 25
0 2 10 18 1
4 3 1 17 15
17 7 1 3 12
31 6 2 16 1
6 0 0 3 0
25 4 2 25 33
11 5 9 6 0
14 7 0 6 20
3 3 10 5 36
11 8 21 2 52
6 22 1 16 9
3 22 14 9 3
39 8 16 0 6
13 5 1 5 9
18 2 3 4 19
1 10 9 2 0
19 15 2 2 0
9 14 3 5 7
17 6 9 11 23
22 5 5 17 6
16 9 16 3 1
21 5 13 0 1
8 7 5 1 2
2 4 2 5 3
3 10 1 10 17
11 5 8 28 18
5 9 8 2 18
16 13 2 2 25
3 15 4 13 17
20 3 11 12 2
3 21 5 9 4
28 1 8 4 5
12 4 4 12 6
14 12 19 0 3
12 0 1 23 0
3 12 1 3 9
0 44 24 2 8
7 26 4 18 0
10 0 0 7 10
8 10 2 29 0
13 2 12 1 0
1 4 8 12 13
11 4 13 29 12
2 7 5 20 19
21 16 81 31 2
14 3 0 11 2
4 6 17 10 1
23 4 1 0 2
6 5 6 5 25
2 14 20 5 1
6 1 0 10 2
32 2 3 3 5
14 3 0 7 3
24 6 1 4 21
0 11 1 14 14
4 20 6 12 3
0 4 11 1 5
20 2 7 2 25
24 9 10 4 16
20 2 3 1 25
3 21 17 6 1
9 4 0 6 1
0 8 8 11 1
5 11 1 6 12
26 1 1 4 3
7 13 3 2 11
0 3 0 17 1
15 25 10 11 6
3 2 54 16 2
16 3 17 18 1
12 1 20 1 5
2 18 4 14 1
14 27 6 1 5
13 27 4 14 20
1 5 2 11 3
13 10 23 1 7
2 3 2 8 1
4 8 6 10 0
5 0 42 15 7
4 0 9 1 10
5 7 1 13 23
4 0 14 18 12
2 4 40 13 0
0 43 6 10 10
4 19 14 3 1
13 25 6 5 9
28 19 7 18 19
0 0 2 9 7
25 23 0 14 2
0 2 5 2 0
22 2 2 5 23
10 6 19 0 14
6 8 0 5 11
5 10 2 7 22
12 17 4 11 3
3 14 14 11 23
2 1 25 8 0
7 2 11 6 7
12 17 5 22 10
10 3 2 0 8
4 2 33 2 0
24 13 11 6 10
0 6 8 14 36
6 4 5 0 9
6 6 11 11 4
13 10 1 6 13
12 3 42 3 6
4 5 16 5 38
12 6 17 24 10
6 0 5 7 1
8 21 17 3 3
10 0 1 12 5
14 1 23 2 1
22 1 11 28 2
0 4 2 14 2
11 18 0 5 1
3 12 19 0 7
10 2 10 5 7
5 16 7 5 18
0 23 6 5 18
8 1 1 1 17
10 0 1 4 4
11 43 14 3 2
4 8 11 2 1
10 2 1 6 5
0 4 7 0 10
21 2 0 1 17
4 13 7 5 1
2 2 15 4 15
3 1 7 21 1
1 22 5 63 6
0 10 2 6 27
16 3 15 2 2
23 1 4 25 27
2 12 7 6 11
2 3 14 1 11
22 8 23 5 24
8 16 1 2 2
2 8 4 25 9
0 9 2 4 1
32 1 0 14 9
6 1 14 17 1
20 8 2 5 8
2 9 2 4 9
23 4 3 5 3
1 19 7 8 24
23 0 0 0 1
5 3 25 0 10
1 5 5 0 16
1 3 27 9 1
8 3 38 12 19
9 5 0 0 1
9 8 1 1 8
1 22 2 14 20
7 1 10 0 3
0 1 8 0 4
2 10 7 7 0
18 8 14 8 14
44 2 6 3 2
13 8 1 0 1
3 19 8 3 6
11 4 7 0 6
3 0 12 0 22
0 7 15 1 26
0 5 7 7 17
53 9 13 3 2
4 21 16 14 2
5 2 26 1 0
1 2 8 18 20
3 15 22 9 6
0 11 0 0 15
30 7 42 6 1
9 11 10 4 0
6 11 15 7 4
3 16 18 4 4
10 0 2 5 8
34 6 23 0 25
28 2 3 12 4
19 5 29 2 22
5 1 16 13 12
32 5 33 1 4
18 2 14 21 3
65 12 11 10 16
2 2 3 11 26
0 18 4 6 3
8 10 0 3 3
17 6 1 13 7
7 3 8 4 1
11 6 1 11 4
0 5 16 11 24
10 0 7 15 1
5 7 14 54 7
18 11 6 43 0
6 1 4 1 10
7 12 1 3 5
12 10 11 2 20
25 13 13 4 15
21 6 26 4 10
10 1 2 11 7
11 2 10 2 15
6 7 1 1 3
11 28 15 10 5
4 10 6 3 9
18 6 0 7 15
0 6 15 6 17
12 10 0 7 13
3 10 2 0 7
1 4 15 29 4
5 6 0 40 40
21 4 4 0 11
18 1 34 7 0
29 15 3 14 0
3 5 4 14 11
29 7 18 4 9
24 13 2 0 11
7 3 1 12 0
34 0 2 2 2
34 3 4 29 0
3 7 1 14 1
1 4 2 7 40
8 13 2 0 1
4 1 7 1 9
16 7 6 3 1
2 3 1 1 0
20 5 7 6 18
12 4 1 0 2
17 10 14 7 13
0 17 4 4 1
4 15 13 1 12
10 1 3 11 1
14 14 3 1 23
12 1 15 2 7
39 0 5 1 10
3 7 0 3 1
34 18 24 8 1
1 1 10 4 0
2 12 7 3 3
8 10 3 1 3
8 4 1 3 12
4 3 1 11 2
3 1 2 11 15
27 2 0 8 36
0 12 8 5 8
7 15 16 8 20
13 9 0 6 7
3 8 8 11 9
19 0 0 0 0
3 8 3 4 1
25 8 1 6 1
3 6 16 6 25
4 10 20 1 18
41 2 12 7 5
4 0 3 13 21
20 15 7 3 7
10 18 20 4 5
15 24 9 2 11
3 22 6 1 26
20 10 5 31 8
21 0 6 5 2
7 23 4 0 5
4 70 26 4 3
6 22 23 13 7
37 2 20 8 6
5 6 9 9 11
11 0 20 9 21
57 2 15 12 6
10 16 0 23 11
0 0 19 1 2
3 4 0 8 46
28 0 10 9 1
14 5 4 1 11
26 9 0 12 2
0 3 3 3 2
23 11 5 8 9
4 0 2 4 7
0 4 8 0 3
0 2 16 1 5
1 9 13 2 0
29 0 3 15 0
1 3 4 51 8
7 9 3 5 15
18 12 2 5 7
28 22 19 8 15
22 4 4 13 29
0 17 1 7 8
16 6 6 9 8
29 29 7 4 19
2 13 3 2 15
3 41 18 5 8
5 0 4 60 10
8 4 9 3 2
31 24 31 1 8
8 1 4 0 3
28 15 12 0 15
17 1 1 7 16
13 27 0 10 1
6 38 10 27 0
1 1 1 11 4
3 19 5 29 10
10 22 70 0 19
16 13 16 10 0
10 3 17 1 1
2 1 9 10 8
5 1 16 16 0
22 4 2 20 6
30 10 12 3 13
22 3 0 25 0
3 27 7 2 27
8 0 3 10 1
11 1 12 12 11
13 4 15 1 12
7 3 3 9 0
11 6 0 22 10
1 4 3 15 1
2 1 8 2 9
3 2 7 14 2
18 7 2 17 51
1 5 1 8 2
19 9 8 5 1
7 22 24 4 25
0 7 0 16 8
1 7 21 14 2
13 13 2 26 5
4 5 17 8 3
3 18 13 6 12
16 6 20 1 6
3 10 0 2 7
45 18 1 40 1
4 3 2 3 50
2 2 24 1 6
8 21 9 4 31
13 11 5 13 24
10 24 3 3 4
29 2 20 9 11
10 0 15 9 8
12 1 0 2 13
4 13 2 7 8
0 21 24 12 38
6 30 5 29 1
11 9 10 3 19
13 0 3 21 40
9 4 14 11 16
6 1 13 0 5
3 1 2 30 16
1 6 27 1 3
8 6 6 6 0
11 5 1 3 14
57 3 15 5 18
8 15 5 15 5
1 28 31 1 0
3 5 8 16 0
8 1 0 4 19
6 33 2 7 1
4 22 0 4 3
22 21 10 11 0
15 41 8 6 11
6 11 8 0 4
9 4 4 15 23
1 15 2 3 6
4 12 6 3 4
11 8 0 11 5
16 0 14 21 13
46 18 9 6 0
13 8 6 14 17
1 8 19 11 3
4 43 2 3 24
8 1 21 4 0
8 14 15 2 14
6 5 0 3 10
6 11 23 12 4
21 3 3 1 2
22 1 2 13 4
12 21 0 7 4
50 1 0 1 9
11 21 0 23 47
14 4 5 16 14
7 0 6 4 6
12 38 19 1 0
47 10 3 6 19
2 28 1 16 7
6 4 9 8 10
7 4 3 0 2
3 12 1 1 5
26 15 13 6 2
8 10 11 17 0
5 0 0 19 4
2 2 11 2 11
2 2 9 28 7
7 0 5 2 20
1 3 13 3 4
4 1 8 10 1
45 12 18 0 10
7 5 3 28 12
14 0 1 4 9
5 1 16 1 13
22 3 3 5 7
4 19 3 7 0
20 1 7 3 12
23 7 0 12 0
6 14 18 7 3
1 13 25 10 6
4 2 16 9 0
10 1 2 3 1
0 4 3 4 20
1 0 1 8 6
3 3 1 19 9
4 7 0 23 4
11 0 36 13 3
17 10 0 4 9
2 24 4 1 22
29 19 1 5 34
6 0 5 6 3
5 6 64 1 0
6 1 1 18 25
15 3 20 5 0
2 7 5 3 25
3 4 31 5 0
2 3 7 11 2
4 14 13 7 44
4 25 11 3 9
11 2 23 23 13
8 3 7 1 4
11 4 27 5 4
0 2 23 3 12
32 0 6 6 3
12 24 7 2 8
3 23 13 11 0
16 0 7 17 15
19 3 9 0 9
21 20 0 0 24
6 2 7 19 17
8 4 5 7 0
4 0 27 0 3
6 8 8 3 1
0 17 3 2 1
7 22 1 2 7
17 2 2 8 0
4 3 1 2 5
12 3 26 0 0
12 0 12 1 13
20 0 24 1 0
8 2 3 0 4
0 2 21 8 4
3 9 12 9 24
17 7 3 15 13
9 2 5 6 5
7 7 7 16 2
8 12 9 11 1
20 7 2 18 6
1 28 0 13 4
3 21 0 0 5
9 7 4 8 9
47 11 3 12 2
2 4 2 0 3
17 0 7 4 3
10 31 13 3 5
6 6 13 8 7
4 5 7 11 0
3 1 5 4 7
38 22 2 1 4
38 0 2 50 2
14 5 22 22 12
6 5 9 4 11
9 16 15 0 5
5 16 4 3 9
6 37 0 0 0
29 6 2 9 1
5 5 3 12 0
14 4 13 32 4
3 0 10 1 5
6 2 2 16 1
0 24 0 6 9
0 1 8 0 21
11 9 39 5 10
10 6 8 5 12
2 0 5 13 14
23 16 8 13 17
2 9 4 9 6
5 10 3 0 22
21 1 1 7 2
4 1 11 7 7
0 18 3 1 11
29 10 9 2 13
1 4 4 0 1
4 18 1 5 6
18 31 7 30 17
6 1 7 29 11
1 2 15 7 13
7 0 1 6 5
12 5 3 0 1
8 19 14 14 14
39 5 4 0 0
13 13 35 21 11
5 28 10 16 11
15 7 9 3 28
5 11 4 1 4
19 8 0 6 1
0 9 21 4 11
1 13 3 1 15
7 7 1 5 5
0 1 2 11 28
0 21 5 6 1
5 4 4 6 2
2 4 12 0 3
0 20 18 8 15
2 7 4 9 2
3 11 16 4 4
15 4 20 14 2
2 16 3 13 3
18 7 1 10 31
4 1 1 2 23
15 2 3 26 0
7 0 0 3 8
2 13 9 0 2
0 6 24 13 10
7 17 4 8 6
4 1 0 0 12
1 20 3 3 2
1 2 21 6 0
0 1 4 13 17
6 2 2 13 9
1 9 2 2 8
0 2 5 13 3
9 18 13 3 14
6 9 21 12 0
12 8 5 9 3
7 9 31 10 22
9 11 7 3 6
1 7 7 5 1
4 11 3 23 45
26 2 8 6 1
5 1 1 1 3
20 1 3 0 4
3 12 21 17 2
17 11 14 8 13
22 4 5 38 9
4 2 8 16 6
1 36 16 4 48
7 20 19 38 4
10 1 2 2 2
5 8 7 0 14
2 25 5 1 8
9 8 0 5 12
0 2 7 31 24
0 13 14 24 25
9 21 3 3 2
4 15 0 3 26
3 22 6 23 4
2 5 24 1 3
14 4 6 23 10
0 12 4 22 5
2 42 1 35 14
19 10 3 8 5
10 5 26 5 34
11 0 13 3 4
20 0 11 0 37
0 0 30 3 4
2 0 0 2 17
10 28 1 0 16
18 45 6 8 20
1 1 13 10 21
6 27 2 20 1
3 1 26 1 28
0 0 0 1 0
3 15 10 2 0
11 0 29 24 4
8 17 3 0 7
21 16 14 26 23
28 33 3 0 0
7 18 9 44 18
1 14 11 20 23
16 4 4 1 38
0 18 25 0 10
7 55 0 1 8
5 12 10 0 12
5 0 11 4 5
11 25 2 6 9
0 2 4 16 3
24 3 4 17 11
9 7 2 5 2
2 5 4 0 3
5 6 3 6 16
10 12 8 5 5
5 1 3 3 1
2 22 3 12 24
22 12 3 1 1
27 25 16 17 2
26 9 10 0 18
3 19 0 9 0
14 3 4 10 2
0 7 1 5 3
31 4 21 23 9
1 13 7 7 11
0 0 4 19 4
14 23 2 0 3
8 0 1 5 19
3 19 29 1 23
1 2 13 10 6
3 2 4 0 13
1 4 12 5 18
4 9 10 14 3
5 6 8 7 10
4 9 0 2 18
2 4 25 15 15
6 4 3 0 8
0 17 12 1 1
9 13 4 6 19
6 6 14 21 2
18 27 5 0 26
17 11 7 4 11
0 5 9 0 10
14 2 24 2 14
12 3 0 19 15
11 3 38 7 8
9 6 12 7 9
0 18 3 15 7
4 12 7 8 0
30 0 0 9 22
22 1 1 20 23
2 10 7 0 38
10 3 27 8 23
15 9 14 3 11
1 5 0 16 9
3 4 3 0 6
15 9 2 0 0
4 19 15 5 1
6 4 11 36 16
0 18 2 10 12
1 7 2 21 6
19 16 1 15 0
5 3 10 0 8
5 0 12 0 37
10 10 13 1 14
0 9 9 4 11
4 1 12 15 24
2 0 1 32 7
1 1 3 0 1
2 2 30 7 11
8 35 7 15 0
24 17 2 7 12
1 4 19 1 1
5 43 17 0 1
35 2 2 31 3
19 24 3 21 8
9 4 21 13 10
1 0 4 1 1
6 13 12 0 6
16 11 2 23 8
25 5 11 4 14
7 15 7 2 24
3 1 8 17 8
13 1 1 8 3
2 4 9 6 15
59 13 6 13 5
4 2 0 6 8
7 23 4 4 1
8 12 8 6 3
3 7 17 2 31
6 3 1 4 0
5 1 1 2 13
10 2 16 6 28
24 3 14 0 14
3 16 10 0 13
18 21 5 1 1
9 7 2 8 15
9 14 3 10 4
10 3 19 15 7
1 4 21 10 0
7 25 7 9 1
5 17 3 3 6
6 7 4 7 3
0 6 33 1 11
7 10 10 7 0
2 9 5 3 20
0 4 30 4 1
15 10 3 0 4
6 1 0 8 3
7 3 12 17 14
1 13 7 0 17
7 3 11 12 1
12 3 0 1 5
12 2 32 2 16
20 18 10 3 0
3 1 10 14 5
5 1 2 7 14
7 7 7 7 4
12 2 33 1 20
1 4 12 2 3
10 23 10 1 1
21 6 10 5 5
6 13 26 1 10
11 4 1 6 10
10 33 3 4 5
5 2 6 23 4
3 7 1 7 7
11 2 3 4 5
10 11 1 5 8
9 15 19 2 56
3 16 15 0 10
2 0 5 3 22
1 0 7 4 6
17 14 39 7 2
2 9 1 4 58
13 18 6 5 5
6 2 3 3 1
5 15 5 4 1
1 1 6 4 2
7 3 15 3 2
12 15 5 11 3
3 1 5 0 1
4 5 19 5 9
4 8 0 1 4
3 2 11 3 24
1 8 3 2 10
2 8 6 23 6
9 3 27 39 19
1 2 36 3 0
6 11 21 1 27
1 5 9 0 2
3 3 6 2 2
15 2 3 18 4
2 16 19 17 6
29 10 2 1 7
5 0 1 0 8
2 12 3 1 31
4 20 6 1 21
9 0 10 16 18
1 0 26 9 9
2 2 9 5 3
14 3 5 3 15
8 11 6 13 13
7 13 4 4 0
2 22 12 29 8
2 21 2 16 11
21 3 4 14 2
0 5 22 6 10
1 1 19 8 2
7 17 0 9 7
2 4 16 0 34
2 2 0 7 0
3 17 10 4 6
5 4 2 4 9
5 6 0 1 13
20 8 4 2 13
0 19 24 3 2
32 3 14 6 7
1 2 20 3 9
13 6 1 5 17
2 1 12 2 29
18 11 14 22 3
4 11 10 7 6
12 12 3 0 1
29 1 0 3 7
10 0 1 1 15
7 4 0 4 16
42 9 0 5 0
1 16 3 26 4
2 36 6 3 7
5 28 0 0 0
1 12 33 1 25
3 5 6 3 13
3 1 34 2 7
14 1 18 3 11
17 1 2 7 6
32 14 17 4 8
21 7 16 7 2
11 0 2 1 8
15 3 1 6 9
2 2 12 5 5
8 19 1 6 0
0 6 3 11 6
12 0 4 2 27
5 9 34 12 0
12 0 40 9 3
0 38 5 0 12
9 39 12 7 9
13 3 9 8 6
20 8 18 1 13
11 5 0 0 2
4 18 10 2 4
3 4 19 7 10
5 0 0 1 3
1 12 17 29 6
3 2 6 12 9
24 2 46 4 45
4 8 3 2 10
3 13 0 23 2
0 11 6 10 4
15 4 1 9 3
19 5 3 17 4
0 10 0 10 2
9 0 3 4 2
1 8 10 3 25
0 9 0 2 0
1 27 4 1 3
0 9 1 0 3
4 0 13 18 9
22 7 8 2 1
12 2 1 0 19
16 6 14 2 8
1 7 2 11 22
16 4 8 1 0
13 9 5 2 16
2 1 10 14 8
2 4 0 15 7
20 14 6 2 9
7 13 7 21 3
8 13 12 13 4
3 15 21 5 0
24 23 49 0 0
11 0 6 11 7
7 4 1 10 4
8 7 12 14 6
3 2 7 27 5
2 1 3 1 10
0 21 17 12 5
14 8 5 31 1
18 7 3 1 2
6 1 9 10 5
17 3 11 6 4
2 5 7 2 8
1 0 3 15 4
7 0 9 25 2
7 0 2 11 1
1 1 11 2 9
7 5 9 38 6
6 9 2 8 10
1 12 16 17 18
17 6 0 1 4
1 10 8 0 14
15 4 1 40 17
3 5 6 6 4
2 13 0 20 2
1 18 0 4 7
2 3 3 4 2
11 4 21 1 4
1 1 14 7 12
16 3 14 8 0
7 9 25 1 19
10 3 1 17 2
2 13 0 14 1
15 19 35 2 1
2 11 10 0 4
4 4 4 8 15
9 45 17 8 5
3 10 4 22 6
10 6 10 8 1
2 13 1 7 18
12 4 1 0 1
0 16 4 14 3
23 8 4 4 2
4 3 12 0 15
1 19 17 52 10
7 1 22 26 2
2 0 26 4 0
1 12 6 6 3
46 39 1 5 1
3 21 3 14 13
14 12 1 1 54
2 15 28 14 3
0 11 24 4 1
26 23 5 4 3
2 10 14 18 1
11 13 0 3 11
8 3 46 9 11
37 3 5 1 20
39 4 16 23 5
2 7 4 19 11
2 2 8 26 7
1 1 4 6 6
6 4 26 2 11
4 10 6 1 5
14 2 11 3 1
22 1 2 3 1
3 26 1 6 0
2 7 0 14 4
3 7 13 3 11
4 14 13 1 20
1 2 13 19 5
8 8 8 4 14
29 8 24 5 39
4 6 0 13 6
7 18 0 2 22
7 20 0 12 12
1 9 17 1 8
2 4 18 5 13
15 0 8 8 8
1 0 9 21 15
0 3 11 5 5
9 0 3 11 24
7 0 4 25 1
2 2 7 0 0
5 22 3 17 5
16 1 5 8 4
17 1 43 13 15
5 5 9 13 13
0 7 2 8 9
2 0 0 14 16
8 1 0 13 2
1 5 21 22 9
5 21 60 14 2
1 15 0 15 0
11 46 1 3 9
8 28 4 12 4
0 1 10 5 26
9 18 7 3 2
6 9 22 8 7
7 11 34 0 5
15 13 11 9 5
12 3 12 41 27
19 2 24 3 5
3 2 19 1 14
7 14 3 0 17
9 0 6 0 19
3 50 80 2 21
2 9 5 6 24
32 0 8 1 4
27 27 1 11 24
12 0 0 14 3
26 12 8 6 3
15 1 2 0 9
13 1 2 11 8
3 3 3 4 12
17 3 9 1 41
2 13 2 11 1
24 36 11 1 0
18 62 19 1 11
25 4 9 2 11
22 22 6 5 17
59 1 0 12 18
4 8 17 17 3
13 5 5 27 1
2 1 25 0 28
7 5 8 3 4
1 16 5 2 1
22 4 3 4 8
12 2 2 17 4
11 13 3 9 1
6 8 8 11 2
0 18 15 5 3
5 15 2 6 11
3 0 7 4 9
6 2 6 22 5
0 23 14 3 14
2 50 4 10 6
0 29 1 24 8
2 12 8 11 0
18 3 0 3 1
9 9 0 5 10
6 9 11 14 2
3 5 5 25 0
0 7 8 21 5
4 14 4 7 29
4 46 3 3 11
7 3 10 0 11
6 8 0 8 2
27 3 2 10 12
13 1 2 0 13
0 2 11 5 15
2 17 2 16 2
3 2 24 3 1
8 7 15 25 1
0 0 3 1 10
15 7 7 3 16
10 0 15 18 3
18 11 41 12 5
0 10 4 6 22
0 13 8 7 16
4 12 1 6 6
14 15 1 3 6
5 6 20 2 2
21 24 5 1 21
32 13 7 1 8
4 12 23 20 3
3 0 0 3 1
15 5 24 20 51
2 67 5 11 4
5 12 7 0 8
2 19 0 0 4
2 5 0 8 13
10 1 5 19 13
3 11 25 4 16
14 49 0 2 10
1 9 13 2 16
5 8 0 13 16
4 13 9 4 3
2 12 2 5 7
5 24 12 1 6
0 8 7 37 12
2 3 23 1 0
0 5 8 19 0
11 0 1 23 2
2 8 19 0 6
8 10 1 12 14
3 6 16 7 4
3 5 1 6 24
5 1 2 16 1
9 4 2 0 5
8 13 4 7 18
2 6 3 1 5
11 11 0 28 13
6 17 24 12 20
6 27 11 0 2
24 7 5 9 5
1 13 3 8 20
7 32 1 20 7
3 7 6 30 1
24 15 2 6 25
6 0 2 10 16
1 4 10 6 8
19 2 16 2 10
8 6 14 0 10
10 4 13 15 4
11 0 1 3 3
12 6 8 5 19
7 16 1 12 0
12 7 0 1 7
4 1 7 9 2
3 23 5 0 23
2 20 2 7 16
12 1 12 5 16
8 2 2 6 3
14 14 14 24 17
4 7 2 19 1
8 3 4 27 9
17 7 1 5 10
11 6 34 9 13
22 0 0 29 2
5 12 7 3 44
1 11 18 7 26
4 0 18 4 10
14 54 2 1 18
6 12 16 10 1
22 1 12 35 15
2 0 0 22 6
7 0 18 0 8
14 37 6 14 2
3 17 17 4 12
16 16 1 0 6
5 28 8 11 2
32 16 15 3 18
0 0 10 14 3
10 8 3 15 11
4 0 2 20 1
12 2 29 10 13
0 30 5 14 5
2 2 12 26 0
11 12 9 17 39
9 0 5 15 3
4 8 1 21 5
2 1 13 30 0
3 5 0 6 14
1 2 2 6 1
17 19 1 5 11
8 3 6 19 3
9 1 8 64 14
11 14 11 15 3
3 3 4 6 8
6 6 11 5 10
4 16 12 13 5
0 11 1 16 1
8 3 5 1 2
4 16 4 9 3
7 5 1 29 8
8 0 2 0 2
1 6 8 0 0
5 15 0 2 0
19 5 11 8 2
10 0 17 2 7
1 19 11 4 10
7 41 1 14 26
1 19 25 22 11
5 16 20 0 7
0 43 14 31 6
26 27 5 6 4
9 1 12 18 0
15 2 3 3 7
1 3 0 1 6
4 5 2 8 2
16 1 7 1 8
16 12 14 1 9
6 4 0 8 22
21 12 6 1 5
1 3 31 8 1
7 11 18 1 3
0 13 1 2 22
5 9 0 2 4
7 7 7 39 15
12 7 6 6 7
17 16 6 1 6
3 0 11 7 1
11 3 16 5 5
21 17 2 3 0
3 10 0 5 7
17 2 0 4 0
13 1 3 6 13
3 11 11 0 4
6 13 2 3 1
11 11 13 0 1
4 4 7 0 0
28 8 30 2 2
3 13 2 0 2
12 1 1 2 0
17 33 2 11 11
4 1 10 12 1
9 4 1 10 0
13 3 10 18 0
1 10 6 4 15
9 1 2 19 14
4 5 15 23 2
2 14 7 12 43
8 0 10 1 4
3 1 0 0 12
3 8 2 9 8
8 4 1 6 7
17 0 12 5 12
27 20 5 0 11
4 5 7 2 8
3 4 12 4 9
8 0 3 1 1
1 3 2 14 2
10 3 19 0 47
5 23 1 14 14
2 2 10 14 2
6 16 6 6 11
4 12 3 0 32
1 12 14 16 20
1 12 3 12 2
0 3 3 0 6
4 3 11 11 2
4 4 1 5 14
22 0 19 3 1
0 3 8 8 13
5 14 1 2 7
11 4 19 24 29
1 13 8 17 21
3 2 15 3 18
2 0 20 5 0
29 1 39 15 12
1 1 2 22 17
5 6 11 30 16
40 2 6 1 1
34 5 7 8 3
3 11 26 4 40
3 19 13 3 1
18 11 0 2 4
0 0 10 0 6
3 42 8 0 1
33 1 7 17 6
2 3 4 0 27
2 2 72 0 1
31 12 5 9 4
20 10 29 6 11
1 15 2 0 3
7 9 6 27 9
0 2 15 2 14
10 3 17 2 0
7 4 3 2 5
8 2 1 0 2
4 21 9 11 6
0 3 3 7 13
1 25 3 5 1
11 7 3 2 40
3 19 4 7 3
9 0 30 2 10
30 4 21 3 13
0 31 0 12 7
2 17 1 5 2
0 20 2 3 6
1 1 5 1 19
20 5 8 20 1
6 12 9 8 1
15 24 24 29 1
2 15 1 2 18
9 9 6 0 2
23 22 5 0 17
0 5 9 15 1
16 8 7 27 7
7 28 2 0 12
4 48 10 25 3
10 31 15 13 1
6 18 6 5 5
8 10 4 9 0
4 8 18 15 6
7 10 4 1 13
0 3 35 11 13
3 6 1 4 15
38 1 10 1 22
3 7 34 12 22
14 9 2 4 0
0 10 13 12 4
14 9 11 1 9
16 1 3 20 2
7 8 6 12 1
2 4 7 0 2
1 2 11 0 16
8 7 6 4 3
3 12 0 18 5
26 14 13 3 14
5 3 13 25 2
14 0 0 9 22
3 1 11 0 32
7 12 1 17 2
18 4 44 17 3
1 2 2 8 8
2 1 9 8 3
6 0 13 6 21
14 3 22 7 9
2 0 3 1 1
0 18 12 2 31
6 7 7 15 0
15 7 13 13 5
11 7 3 9 21
12 15 5 9 1
10 8 7 11 16
5 10 1 7 6
13 5 15 4 9
15 4 5 2 36
2 6 5 0 6
31 6 13 9 15
7 3 7 8 1
10 4 4 14 12
4 0 0 3 7
2 18 6 0 1
17 14 8 4 5
8 4 1 3 5
1 1 1 17 11
4 13 7 7 2
2 3 1 9 12
14 5 2 4 3
14 5 45 1 10
4 5 2 0 6
15 23 6 9 35
24 6 4 15 1
1 0 10 5 0
1 9 1 4 2
11 0 2 15 20
0 13 2 0 10
4 8 3 6 10
0 3 0 0 8
17 1 1 6 17
3 0 14 4 24
48 3 14 20 15
2 0 2 16 16
4 1 0 7 6
3 4 7 3 3
28 8 19 0 39
34 38 3 28 11
10 5 15 1 3
1 7 7 9 3
6 21 2 1 12
4 7 8 5 0
1 6 5 5 40
3 15 3 2 0
9 1 37 2 10
19 1 14 1 6
10 10 1 0 3
5 11 16 25 9
26 13 1 13 1
5 7 28 2 1
5 0 1 8 20
40 6 2 2 1
2 1 2 0 11
6 18 1 2 7
3 6 9 5 22
8 3 6 1 20
21 24 1 3 10
12 9 1 29 8
15 2 5 11 4
16 19 4 7 14
10 11 4 23 14
20 18 2 0 2
4 3 11 6 7
0 1 14 1 7
14 1 12 17 15
7 5 2 1 3
7 13 11 5 5
4 2 2 4 2
16 28 4 0 23
3 0 5 6 2
15 14 6 0 1
0 5 6 5 13
8 16 12 3 7
16 18 8 11 24
10 12 12 9 5
22 1 8 3 1
3 0 2 33 0
10 15 0 0 0
20 15 1 16 22
6 5 10 6 22
5 9 13 3 0
12 1 5 7 18
31 8 7 37 40
1 1 32 22 0
13 28 0 3 11
3 7 3 2 10
5 4 12 24 2
20 6 5 1 25
6 5 1 19 1
24 2 17 7 1
10 7 9 6 2
13 8 18 8 8
2 3 23 0 19
19 0 12 9 39
0 1 0 0 10
2 2 11 3 35
5 0 0 2 2
3 15 0 16 2
1 7 0 1 20
1 2 2 30 14
18 14 14 15 9
39 20 27 4 0
2 20 4 13 12
1 1 6 20 6
2 5 6 6 6
15 10 1 4 17
8 31 4 3 26
18 4 2 1 1
12 26 16 2 3
3 16 17 2 6
3 9 2 1 14
38 7 9 8 4
0 6 3 7 0
0 0 0 9 1
2 5 7 9 12
29 4 1 2 14
35 17 24 6 0
70 19 3 0 19
1 3 18 18 8
11 18 14 3 4
7 35 0 4 21
5 16 0 1 6
22 14 21 41 0
3 35 0 7 12
0 3 8 1 2
10 3 2 45 4
2 3 11 5 23
4 15 2 17 0
3 34 4 2 3
2 7 15 10 12
7 2 3 2 10
17 5 13 22 1
2 0 6 0 7
2 16 5 13 5
14 2 5 7 1
4 0 9 27 20
31 24 2 1 0
0 8 5 0 1
13 14 1 11 11
0 24 2 8 8
19 18 9 5 2
7 2 1 8 10
7 8 1 36 6
12 16 7 12 19
10 2 16 3 3
4 4 1 1 7
5 3 1 2 3
19 7 16 8 1
3 9 0 0 3
13 6 10 6 7
0 14 13 16 2
13 8 0 11 11
7 0 23 14 12
5 12 15 7 8
2 3 11 4 0
6 1 13 9 6
3 0 5 4 1
10 11 0 14 0
6 5 6 10 9
16 1 1 1 11
9 17 28 2 8
7 0 14 6 8
5 8 25 5 51
21 34 4 15 0
3 10 23 25 6
11 16 39 5 4
0 16 10 11 0
1 6 0 20 2
9 9 5 6 22
19 0 9 12 11
2 7 4 13 4
6 0 12 28 5
11 7 1 9 10
9 36 22 28 5
15 17 3 5 0
2 1 19 2 21
5 3 0 8 11
2 7 8 6 0
10 1 5 3 1
17 2 3 0 4
14 20 9 23 7
5 0 4 15 0
8 11 0 1 9
6 23 3 7 12
1 6 6 7 18
16 0 7 4 1
0 9 18 5 0
20 8 92 6 0
3 12 16 6 7
16 2 13 16 6
5 0 2 2 10
10 12 8 3 1
0 2 2 1 7
8 2 5 14 5
27 17 5 9 11
0 8 0 10 11
10 23 23 1 0
10 12 13 3 2
9 6 21 7 3
47 7 10 6 6
3 3 13 2 10
6 3 7 0 12
10 2 0 1 1
8 4 3 29 2
6 1 4 6 28
3 4 0 3 1
42 18 21 7 1
16 18 17 7 4
10 2 15 11 12
5 3 11 2 14
1 1 0 3 25
0 7 4 2 0
9 17 4 18 1
0 17 10 5 10
1 3 14 0 0
10 1 6 0 30
6 13 3 9 1
7 5 4 7 1
15 8 1 8 9
4 0 20 6 7
4 5 1 8 50
10 6 0 2 15
14 6 4 20 10
5 8 8 7 14
1 18 14 7 6
3 1 5 5 0
7 9 1 7 4
18 34 13 6 11
4 27 12 64 1
43 16 19 4 3
7 4 8 3 2
4 0 8 10 1
1 0 38 3 2
21 1 19 9 12
11 18 1 32 5
4 2 5 0 10
0 1 0 1 4
8 12 1 7 26
3 5 20 7 8
3 21 14 3 33
8 5 5 10 8
1 20 4 2 22
3 2 4 4 6
2 18 2 5 6
8 3 52 3 18
0 3 2 7 7
10 5 45 0 10
8 12 0 1 9
3 1 0 9 7
4 44 3 11 22
28 6 1 12 0
1 8 2 7 24
2 16 0 13 14
12 2 5 0 40
1 9 5 3 3
2 1 0 23 3
3 1 2 6 8
17 18 7 3 20
2 6 4 10 1
1 14 23 0 9
11 4 51 24 0
7 0 14 8 8
6 6 1 0 4
12 19 1 41 11
24 7 1 3 6
11 17 0 7 10
2 36 16 6 11
5 3 16 4 5
1 7 7 8 1
10 12 13 26 33
6 10 1 16 3
3 26 9 1 4
6 26 41 2 1
8 12 6 15 4
16 21 0 4 26
11 5 20 0 0
21 22 1 3 3
15 19 10 0 1
4 7 14 3 15
5 1 13 0 5
16 5 0 6 1
2 5 7 11 11
7 2 1 20 9
18 5 4 21 14
3 7 0 2 4
2 6 19 6 12
5 7 2 34 6
4 20 3 29 21
38 2 1 1 7
12 2 9 3 1
11 15 24 3 24
14 6 8 26 22
0 0 7 1 1
5 3 17 9 8
5 1 41 5 8
12 3 32 20 27
12 2 11 29 1
1 3 7 1 0
7 17 15 1 4
0 14 7 0 6
9 2 7 5 7
4 1 10 9 18
4 2 10 1 8
7 10 6 12 1
7 8 3 24 15
9 14 0 4 29
5 26 2 1 3
2 0 15 6 10
3 14 10 19 2
7 15 16 10 11
5 12 34 10 2
31 35 6 10 2
3 2 16 17 5
5 11 0 3 2
17 6 1 24 6
14 9 2 11 23
14 2 26 16 8
12 1 5 5 1
11 4 23 24 8
4 12 9 1 0
6 0 5 1 2
1 27 20 15 7
15 1 7 1 17
4 7 0 8 11
10 6 5 6 7
13 4 4 0 34
2 2 17 4 0
18 1 1 3 20
11 11 3 8 1
8 9 6 5 2
10 8 13 4 29
7 2 10 31 5
12 5 3 2 21
3 0 7 10 28
6 17 2 5 1
9 27 21 8 2
27 10 5 7 1
11 5 11 16 3
0 24 6 12 0
15 10 2 19 12
25 8 9 1 11
15 7 15 7 5
36 21 1 16 4
21 3 0 8 11
1 15 5 3 17
17 21 6 33 8
20 1 14 1 0
4 12 23 14 0
16 2 27 1 15
1 3 10 0 9
21 2 5 1 4
31 6 1 19 12
10 32 3 2 13
7 0 0 6 2
6 7 6 29 3
4 50 16 8 2
13 6 3 25 2
4 1 26 1 0
4 11 14 6 1
22 6 30 2 6
1 9 24 2 30
47 2 31 5 5
18 1 28 22 2
2 2 6 5 9
8 27 11 2 5
4 15 14 5 8
2 3 15 10 15
20 2 7 6 4
3 12 5 7 0
16 21 4 14 8
12 3 21 2 6
11 11 6 3 2
20 16 10 1 7
3 7 3 2 1
2 22 5 5 3
5 30 1 8 3
1 9 1 1 2
20 14 19 1 9
28 17 28 6 8
4 1 10 4 33
7 7 15 41 5
7 13 2 6 1
4 6 2 0 9
7 0 19 8 6
2 17 6 6 12
4 10 10 10 8
17 2 17 5 3
16 0 12 10 4
2 1 0 9 11
20 1 20 29 2
4 27 2 9 11
9 3 15 4 18
1 3 6 1 8
9 8 15 10 9
35 11 16 0 31
10 20 5 12 13
9 18 1 2 11
3 14 2 10 3
14 8 0 8 1
8 18 1 30 14
2 21 0 14 0
16 8 2 2 2
33 7 3 2 9
3 18 29 4 4
18 11 8 33 9
2 2 1 12 20
8 0 21 0 10
10 2 5 2 18
8 2 7 1 25
4 6 1 12 4
18 1 8 8 3
3 1 10 9 9
5 7 2 0 6
14 2 8 13 26
0 4 7 13 10
19 4 2 6 1
1 1 5 11 8
10 8 5 0 11
7 6 0 3 16
3 0 4 85 0
7 3 1 2 10
10 0 18 10 2
5 18 12 14 0
6 1 2 9 10
2 11 3 7 16
0 2 3 32 0
5 3 12 10 5
34 3 5 9 0
2 11 3 30 12
10 25 12 5 9
4 7 11 13 1
0 0 5 7 5
1 8 4 1 0
8 12 11 12 5
12 1 8 1 1
7 5 5 2 3
10 1 3 3 4
0 1 3 8 8
10 16 4 1 3
8 15 3 12 6
8 8 1 1 3
8 15 6 2 0
7 1 1 5 3
3 12 0 0 9
13 6 3 2 8
1 4 6 1 0
5 11 1 0 7
6 10 34 14 23
16 10 12 4 13
1 6 38 36 5
1 0 0 1 19
9 1 5 10 3
6 0 25 14 4
2 16 1 10 6
0 12 12 5 11
6 31 15 4 11
1 4 7 3 1
1 5 13 14 5
7 7 35 14 2
6 15 0 5 0
4 5 1 12 22
11 16 2 22 8
13 6 8 17 0
2 9 8 12 4
0 1 7 9 39
13 22 1 17 1
13 11 20 9 2
20 2 26 55 6
10 28 16 2 14
1 1 8 5 15
1 1 5 2 6
19 21 27 21 6
25 16 3 33 31
7 9 7 5 2
6 2 10 1 2
12 0 12 2 1
7 3 7 2 4
13 2 1 5 1
15 11 10 3 23
7 11 0 7 29
5 4 1 14 1
0 2 1 17 32
27 26 9 21 9
10 7 1 8 43
29 6 0 1 1
19 1 16 6 8
9 12 4 25 6
5 4 6 1 10
16 0 12 31 20
6 2 5 10 15
1 4 5 4 12
3 28 10 11 2
17 3 13 5 5
10 2 3 8 0
1 8 12 3 8
5 12 0 1 8
0 5 0 2 3
12 4 14 2 7
13 6 9 3 7
13 0 14 7 1
1 1 19 1 25
2 4 9 15 1
7 0 16 2 10
4 16 20 15 0
23 31 12 9 11
0 12 3 30 7
9 4 0 6 6
0 26 2 10 38
3 2 26 6 39
8 8 40 25 7
7 2 11 3 14
4 12 4 9 1
0 12 3 1 1
8 1 4 0 7
15 3 10 21 2
1 1 21 12 3
16 14 11 23 16
2 21 9 3 2
5 8 1 28 1
7 3 11 11 11
9 9 1 5 0
13 0 1 14 0
9 17 5 4 7
20 13 5 3 3
2 1 11 0 2
15 26 37 12 4
5 7 26 10 1
9 23 8 4 35
11 35 10 20 5
8 9 0 1 12
3 3 10 8 43
29 11 1 4 0
10 1 0 23 9
4 20 15 22 15
22 9 5 6 6
0 2 15 5 22
15 8 7 2 5
2 6 0 15 17
14 22 0 3 5
1 7 5 0 0
39 11 1 6 2
11 1 13 0 3
23 2 3 1 1
24 0 30 5 5
0 3 22 11 5
5 10 11 0 0
1 8 0 17 5
4 4 23 30 1
22 19 23 2 0
1 4 2 8 3
5 1 19 2 2
5 6 11 3 4
14 6 1 13 4
9 0 5 1 21
11 2 35 15 7
1 10 9 2 3
0 5 2 6 0
0 0 38 2 3
14 1 9 2 9
6 0 14 8 46
0 1 9 13 4
1 24 13 11 27
14 6 17 2 21
4 2 0 0 19
15 6 12 0 4
7 13 44 13 4
5 18 16 21 3
7 3 0 15 31
0 6 12 34 2
9 3 14 7 4
2 2 12 14 8
2 0 1 1 17
8 16 10 11 10
0 0 15 20 18
9 8 10 7 8
0 10 22 8 1
5 3 7 11 8
10 36 0 16 15
2 4 5 0 19
6 5 18 2 1
13 0 1 6 10
0 1 8 11 6
7 6 4 2 8
1 12 6 9 13
22 4 3 9 0
26 0 4 8 11
2 18 5 14 1
2 10 0 5 10
5 4 1 1 0
8 3 2 3 2
11 16 2 15 24
16 0 7 26 8
1 11 0 2 13
9 11 14 25 12
1 12 69 13 6
30 4 13 31 21
31 0 9 2 8
30 2 14 2 1
7 0 1 4 16
17 2 2 6 3
26 2 4 7 3
1 21 2 14 32
43 23 2 15 7
0 2 18 1 8
6 6 8 11 1
6 0 7 3 14
11 11 5 52 14
3 4 7 31 11
8 33 2 1 10
4 4 0 5 6
10 21 14 16 17
17 4 8 25 26
50 4 6 44 8
0 4 3 5 2
7 0 5 14 5
23 10 1 6 23
24 9 13 12 8
4 2 7 18 5
2 19 21 14 53
5 3 20 0 1
21 10 4 0 17
4 12 7 4 8
58 17 44 12 12
17 2 10 2 17
2 3 25 14 3
24 4 4 0 19
5 9 4 11 4
10 21 9 29 11
1 0 0 4 10
4 18 11 4 0
8 15 21 17 4
9 0 13 10 14
5 11 14 7 7
23 26 3 2 2
0 9 7 3 23
2 0 20 0 20
10 1 17 9 35
3 0 10 9 11
5 2 16 3 3
10 15 6 5 19
7 1 50 0 20
1 5 0 32 12
4 6 1 7 12
0 12 1 3 2
20 6 5 0 3
6 7 3 9 0
5 6 8 15 7
14 5 1 1 23
13 16 2 8 18
22 1 27 0 11
4 4 2 1 9
16 4 9 50 19
2 4 2 10 3
2 7 4 5 17
24 4 8 17 35
10 0 0 24 10
3 35 24 24 5
0 4 2 1 4
18 13 1 1 3
7 17 2 2 5
6 12 7 4 3
5 10 28 3 21
3 1 2 9 3
35 7 2 26 13
1 4 11 6 29
4 2 15 27 9
13 14 0 0 3
16 8 9 8 10
7 5 4 10 24
3 41 0 9 2
30 14 26 40 2
1 0 2 12 2
3 4 17 10 7
0 6 18 0 23
1 11 8 30 1
27 11 3 7 5
9 20 23 4 3
21 2 21 12 18
5 16 27 15 2
0 0 7 17 6
3 10 3 4 1
7 3 5 12 19
7 1 9 1 25
12 4 15 4 6
6 3 25 1 1
18 5 4 28 7
37 0 2 8 0
11 36 2 3 0
0 0 32 17 4
3 0 2 12 3
12 2 3 29 2
11 1 18 1 2
4 9 5 30 1
4 10 0 15 45
7 47 10 2 14
0 4 2 0 14
24 0 4 3 2
25 4 7 33 6
4 1 6 5 19
11 8 13 5 11
1 3 12 0 44
2 10 17 17 4
17 10 17 9 5
4 22 5 0 11
5 12 15 3 27
1 22 7 3 0
1 24 10 3 11
15 22 0 21 20
3 15 2 9 8
20 0 1 15 12
2 8 24 3 1
2 21 6 11 18
0 1 6 6 6
5 4 4 8 7
4 4 29 15 9
8 0 17 30 20
10 0 22 1 10
3 1 2 2 6
13 4 16 1 7
14 6 8 6 13
12 3 1 4 41
0 17 20 2 1
4 0 43 16 11
21 17 21 17 10
17 13 4 8 32
1 1 36 1 10
10 0 2 5 10
12 35 1 29 2
1 2 0 4 1
5 10 12 15 24
0 27 21 2 6
15 2 1 8 12
3 23 2 14 0
8 1 0 2 5
1 11 1 3 18
2 0 2 5 17
8 0 19 1 18
1 3 25 9 2
27 4 13 0 2
0 59 10 3 21
3 11 13 10 4
27 19 9 4 12
0 7 4 11 14
5 6 0 21 3
8 17 18 0 10
11 0 25 1 7
11 2 14 27 5
5 7 7 0 0
5 12 2 3 9
2 5 45 1 8
10 11 17 21 28
13 9 0 3 3
2 13 8 14 8
19 9 19 1 14
24 23 0 2 5
15 2 12 17 9
2 18 4 5 4
12 0 10 1 9
22 1 6 15 5
8 6 2 9 24
2 3 15 1 6
6 5 49 3 4
7 2 1 22 7
3 1 31 4 0
13 20 13 20 11
5 21 1 6 7
29 18 1 13 0
4 1 5 1 22
8 24 0 5 4
1 7 3 7 12
7 3 16 5 33
0 2 1 11 2
0 13 4 3 7
43 5 9 3 3
8 14 8 5 11
14 3 28 13 17
5 14 3 4 12
8 7 1 8 11
29 22 2 6 8
10 21 10 8 11
0 3 9 5 2
3 19 3 13 0
10 3 2 6 6
4 1 3 9 3
1 2 2 15 3
15 5 14 3 9
1 4 19 1 34
14 1 20 10 14
15 18 2 8 7
7 4 2 0 7
3 4 11 7 1
3 3 1 10 3
3 14 2 5 40
1 1 10 3 10
11 17 0 6 2
1 1 2 2 19
1 0 32 0 7
11 0 2 2 4
16 6 5 17 38
1 6 6 8 1
1 1 6 4 2
15 24 10 2 4
5 3 0 31 13
6 11 7 3 0
6 2 15 15 3
3 0 10 3 4
10 0 31 32 5
15 1 13 2 5
0 17 4 5 6
15 23 1 21 7
16 1 4 0 1
1 13 2 3 14
4 12 77 13 1
6 1 20 0 9
1 3 52 18 26
8 8 3 10 5
14 7 1 8 10
10 2 10 13 6
18 1 30 0 31
17 7 1 7 14
4 8 0 5 3
24 0 1 0 1
6 18 5 9 23
8 7 1 1 15
14 33 1 0 41
14 0 1 10 33
26 0 3 14 17
16 12 37 2 2
2 1 26 15 5
8 6 6 20 17
0 16 1 11 4
7 8 7 4 0
4 3 16 17 3
2 1 7 0 2
2 7 2 0 9
30 1 1 6 0
6 14 15 6 12
5 4 6 8 25
3 25 0 25 87
3 0 19 6 5
18 0 2 5 24
7 18 4 18 8
0 1 2 16 2
1 1 7 23 8
7 15 0 13 5
3 5 4 0 10
10 3 1 8 21
8 23 15 2 2
5 23 2 2 4
28 3 2 57 5
5 14 16 11 9
1 6 13 0 11
16 2 16 6 6
2 0 5 19 2
20 2 5 19 6
2 0 1 6 5
0 19 13 17 7
14 12 3 16 8
3 7 5 8 22
2 4 1 2 20
3 1 23 1 21
1 1 5 6 0
6 6 1 13 45
29 0 2 7 7
9 1 7 6 15
5 11 5 50 5
15 2 33 10 0
0 0 0 17 17
9 10 7 3 11
30 2 23 1 9
30 15 1 1 0
6 9 10 7 3
1 9 8 8 7
2 1 4 20 1
2 3 3 1 5
6 0 1 14 2
10 2 4 15 6
2 3 38 27 36
34 0 6 0 2
0 3 2 3 1
17 19 23 10 4
0 8 5 18 5
2 8 7 4 3
1 2 5 10 9
9 17 2 12 10
13 31 15 2 9
13 6 29 23 39
8 10 11 0 10
3 2 0 5 9
0 15 2 1 2
15 7 26 26 0
0 0 27 1 4
1 30 9 3 8
6 3 7 4 9
13 1 2 1 1
6 0 19 13 9
24 5 11 1 1
3 3 23 7 6
20 17 3 3 3
7 20 3 8 2
7 28 7 3 1
4 0 4 3 26
10 23 11 6 0
5 27 2 1 1
14 47 7 1 0
0 5 11 1 14
23 4 10 5 4
4 12 0 3 15
8 1 17 7 0
29 25 2 22 4
0 14 1 6 0
9 2 1 1 26
1 15 2 8 17
2 37 16 3 1
1 21 1 3 3
30 5 21 8 0
3 5 5 19 7
3 4 6 4 8
5 2 3 0 4
13 7 3 0 1
13 2 28 3 12
8 17 7 5 36
5 1 11 3 0
11 6 31 3 0
26 13 15 4 6
0 1 0 21 1
0 5 10 7 10
11 7 9 14 4
8 3 9 15 6
15 6 21 8 13
19 9 26 7 10
3 9 5 8 6
13 16 4 22 6
13 25 37 13 4
21 4 7 25 31
6 22 1 0 4
8 3 14 2 7
7 4 8 20 11
5 2 11 7 0
12 9 22 6 10
5 3 15 0 43
6 0 18 4 11
7 14 10 10 6
5 8 23 5 10
2 5 6 52 5
5 7 24 6 0
3 15 4 9 30
21 1 6 2 3
5 10 1 10 5
13 7 7 13 9
12 48 8 2 19
8 4 11 16 5
24 18 1 18 0
5 1 5 14 48
24 14 12 23 0
2 3 19 4 2
1 12 10 2 9
8 26 40 9 1
4 0 9 0 4
15 14 16 30 9
4 29 14 13 2
3 2 7 8 6
6 17 1 19 0
0 1 0 19 23
9 5 4 1 12
16 2 2 2 2
3 9 48 5 10
5 12 2 18 1
17 8 9 0 14
28 3 1 16 0
27 19 7 0 6
8 1 2 10 3
10 10 0 2 3
4 34 29 2 0
5 16 4 13 0
27 0 1 5 5
4 57 0 25 11
4 8 14 12 0
14 2 1 23 17
2 9 14 10 13
0 4 8 42 5
6 1 20 3 18
31 28 18 15 5
8 2 6 15 9
8 12 0 21 12
3 3 14 1 24
8 17 2 17 7
0 6 36 28 35
4 14 0 1 4
9 31 23 4 0
14 14 28 0 4
6 3 7 0 1
45 3 7 3 0
0 0 8 0 1
2 8 16 12 0
5 10 9 0 1
4 6 12 26 5
12 0 1 0 7
12 4 1 10 8
5 35 8 1 3
10 6 16 11 2
20 9 1 15 9
1 3 6 6 8
2 14 18 45 0
5 15 4 28 8
31 1 6 9 8
6 14 14 4 1
7 2 14 1 6
2 1 8 1 9
2 2 0 17 17
5 51 8 4 3
3 26 2 5 23
6 30 0 5 2
7 15 32 3 10
1 6 4 3 14
1 3 2 10 0
2 0 10 11 27
8 3 7 8 3
1 2 1 7 44
15 4 3 6 4
1 11 2 8 3
9 9 25 19 1
1 7 7 18 10
7 11 8 12 3
9 2 1 14 14
4 1 21 8 10
6 12 5 3 7
3 3 4 5 5
2 8 0 3 0
60 0 14 3 16
1 0 1 26 3
5 3 3 17 34
27 14 10 1 7
10 12 1 27 6
4 5 8 24 1
25 1 5 9 4
3 14 6 4 4
14 2 3 10 9
8 15 15 6 1
5 1 1 13 4
11 11 14 0 15
0 15 12 25 0
6 3 13 2 1
7 6 6 13 11
6 0 0 3 3
3 2 3 2 9
4 2 17 8 0
0 5 13 31 1
2 5 14 5 1
3 5 14 1 4
6 2 12 6 18
5 18 0 1 11
23 2 8 12 3
5 3 9 6 5
0 1 9 4 7
2 4 10 5 6
24 1 40 0 6
13 0 11 2 4
5 10 0 16 9
2 1 10 2 6
1 7 12 4 18
0 2 26 1 2
2 0 6 8 52
5 0 6 21 0
16 1 9 6 2
1 13 6 4 6
21 10 0 2 4
5 6 2 9 13
9 8 8 19 18
16 6 12 28 1
19 16 14 8 1
2 0 10 3 3
1 2 4 12 4
7 9 20 0 1
3 6 4 9 23
11 1 19 39 2
4 5 4 6 6
11 0 11 12 2
6 16 4 7 15
18 0 0 0 5
5 9 14 13 0
11 22 5 1 5
3 37 33 0 0
7 4 14 0 0
2 0 1 2 2
27 0 0 11 22
21 0 18 11 2
12 9 9 17 13
4 9 4 0 24
7 1 3 0 1
10 8 6 5 15
0 13 5 19 3
49 1 15 4 8
3 4 0 7 19
10 9 11 8 8
1 6 7 49 13
4 31 10 10 12
6 21 1 6 3
3 35 4 10 5
7 9 2 9 6
20 0 33 0 8
8 1 12 3 3
39 8 7 10 5
14 12 3 5 6
4 1 6 4 0
23 6 6 7 1
0 36 13 15 19
16 24 2 0 10
1 4 9 5 4
1 6 7 2 2
83 7 5 10 8
9 21 18 1 21
10 6 22 16 9
12 1 6 24 9
4 0 10 13 1
22 0 0 10 10
12 5 1 20 6
1 2 26 21 4
4 4 9 5 0
2 1 3 19 2
2 4 7 9 3
0 2 9 0 15
6 8 8 7 5
0 9 6 5 7
8 2 11 0 22
7 16 7 39 7
5 23 16 8 2
5 16 7 18 0
4 1 5 1 12
4 0 0 15 28
1 32 6 42 2
6 5 9 3 24
6 24 6 2 8
24 0 2 1 7
42 6 9 13 0
14 0 8 3 5
13 14 1 18 10
17 10 13 6 3
20 2 13 2 26
9 52 31 3 18
16 6 39 0 5
1 4 3 1 14
1 4 1 5 9
0 40 5 11 2
6 8 47 13 26
0 5 21 20 8
4 3 6 3 6
10 0 8 2 25
17 3 9 3 0
26 4 7 10 12
23 1 39 18 1
1 2 16 2 0
22 2 29 1 23
8 17 10 16 1
6 8 8 10 3
7 3 4 19 2
14 1 9 24 6
5 2 18 2 6
19 4 5 7 17
18 2 24 3 0
11 31 35 4 36
14 3 5 4 41
0 1 5 2 9
11 18 5 24 21
7 0 2 8 2
23 20 3 4 0
8 6 17 5 24
2 5 13 7 0
12 17 1 5 7
14 10 10 1 2
4 15 0 8 8
26 0 23 1 0
6 3 2 10 23
0 24 1 6 4
0 1 9 14 6
11 11 2 1 14
2 9 0 5 10
4 12 8 31 1
4 1 38 0 3
11 3 1 25 12
6 6 5 7 13
1 31 7 30 8
15 6 6 13 6
9 4 3 11 1
0 16 0 3 12
4 14 9 11 3
5 2 5 13 0
20 14 7 41 11
0 5 7 0 21
28 13 14 22 30
1 3 5 25 8
0 0 14 7 5
2 12 10 2 5
32 0 38 2 7
5 0 19 9 3
30 16 4 13 5
1 1 5 17 5
9 4 7 6 4
9 14 2 4 5
7 0 0 3 5
3 9 10 0 0
8 10 5 10 6
10 46 16 20 2
21 2 7 1 5
26 3 24 6 5
3 7 2 1 1
15 12 13 5 1
5 0 14 11 4
30 17 14 35 14
8 8 7 30 13
4 1 14 4 3
14 23 15 6 0
9 1 31 6 2
4 9 13 2 6
0 41 12 39 61
12 2 7 13 27
6 25 11 23 2
5 3 1 29 18
20 9 22 10 6
6 7 11 9 7
7 5 15 12 1
5 5 17 3 1
18 11 1 6 6
9 15 23 18 7
0 5 2 2 8
2 34 0 2 10
4 3 0 1 4
9 9 9 3 16
2 8 7 5 6
13 4 16 7 6
0 7 11 10 13
1 8 6 9 6
3 3 4 10 2
10 10 9 17 16
3 2 7 5 1
6 4 11 0 8
15 3 7 8 11
15 14 2 9 4
4 0 19 1 0
15 24 7 40 21
1 1 48 1 4
4 3 2 10 62
7 0 4 2 1
14 1 8 3 3
12 11 0 27 1
9 7 0 14 14
7 5 13 3 32
13 1 6 2 0
3 15 15 19 10
6 21 1 4 7
1 8 6 7 6
13 1 6 10 5
3 6 3 15 1
9 12 4 12 10
2 6 0 12 2
15 0 10 15 2
0 17 5 14 1
2 2 41 1 15
3 2 18 8 5
1 13 0 3 32
12 8 4 2 0
37 3 24 0 2
38 19 24 16 3
29 12 3 5 16
14 3 7 3 3
12 11 54 4 0
18 25 2 4 4
0 0 0 8 1
6 23 4 2 0
3 7 16 5 3
24 9 21 1 2
10 7 4 10 24
6 0 31 2 13
5 11 5 0 3
29 9 3 2 0
8 6 2 0 8
4 8 6 7 6
21 6 17 9 21
8 11 4 0 20
5 0 19 23 16
2 17 14 1 3
7 6 12 7 10
3 1 1 30 13
5 8 2 27 5
4 5 0 2 14
7 9 6 8 4
18 13 5 4 11
13 6 15 7 11
2 3 19 1 2
1 12 5 18 5
14 4 6 3 7
8 0 7 5 4
1 1 16 28 0
15 17 12 10 0
0 0 7 1 5
3 2 3 7 3
7 16 21 15 2
6 25 9 8 6
5 5 10 22 32
0 0 2 20 1
3 21 14 3 2
9 3 3 9 4
20 15 8 1 5
2 7 8 11 9
0 1 7 5 3
14 1 4 25 0
13 22 10 3 5
15 1 0 0 28
26 6 8 7 10
3 4 15 4 1
8 64 8 14 4
4 0 1 9 67
23 5 3 46 1
0 25 0 3 1
13 4 14 16 4
21 9 0 8 13
10 16 1 12 0
25 1 24 6 6
8 1 17 0 0
16 1 44 5 11
4 2 2 15 0
11 12 1 6 13
9 14 1 17 0
20 21 0 5 19
3 5 4 9 0
46 13 25 3 1
7 8 7 1 0
9 6 8 34 22
34 19 3 3 1
0 3 40 3 13
21 2 22 30 13
2 1 9 6 5
33 6 0 58 1
1 23 8 2 1
1 11 22 10 1
19 2 3 13 2
1 13 32 8 6
5 3 7 0 15
8 3 26 65 3
1 10 14 1 2
0 2 22 2 3
6 11 16 4 3
10 3 3 1 1
19 17 0 6 34
2 27 4 2 18
7 5 0 1 12
2 20 29 16 8
4 5 8 1 0
13 1 6 7 0
0 4 5 7 11
36 18 1 0 1
8 8 8 16 2
9 4 2 29 21
1 22 6 5 24
3 14 1 10 3
10 11 0 5 0
18 19 4 0 3
1 2 24 5 4
1 5 6 1 26
9 14 2 0 16
3 7 20 1 14
56 0 4 15 11
2 2 1 0 26
9 8 1 9 2
12 5 0 3 4
11 10 3 1 16
5 21 5 14 12
6 11 5 5 10
3 3 28 7 10
13 21 3 14 0
1 13 17 7 4
9 0 18 7 3
10 3 10 7 9
4 13 14 3 0
0 25 8 13 9
5 1 37 2 18
10 0 4 1 23
20 1 12 3 26
15 3 1 2 4
11 2 18 12 46
5 7 6 3 3
2 1 0 0 3
7 9 0 31 57
9 18 0 0 0
6 2 16 0 4
14 6 1 24 2
1 11 17 18 4
7 9 3 15 2
4 25 1 7 0
12 9 69 24 15
2 3 12 24 2
8 2 0 10 5
0 10 11 4 4
6 3 0 6 1
29 0 4 11 1
22 14 12 4 3
7 1 21 13 3
1 5 5 23 0
33 19 7 15 3
4 15 22 1 4
2 0 12 4 3
28 5 3 35 63
2 17 11 2 3
2 19 5 2 46
8 11 12 2 4
34 0 14 1 12
16 4 1 5 1
4 33 2 0 1
0 11 1 22 25
9 4 16 6 2
8 1 1 2 0
1 6 3 22 33
11 14 2 26 23
21 6 2 6 10
8 19 5 10 13
21 6 1 6 3
4 14 0 3 0
0 45 4 8 0
9 0 0 2 6
25 14 1 13 5
3 17 3 14 3
4 10 10 9 13
4 13 1 7 1
11 8 60 2 12
9 4 12 0 12
3 7 29 5 13
7 6 6 1 9
8 9 7 26 17
4 6 2 5 10
2 17 9 7 20
19 0 2 7 1
5 1 3 37 0
12 22 10 2 0
2 5 5 0 16
17 14 5 10 16
3 13 26 24 16
10 5 5 0 3
5 10 0 1 16
11 12 5 4 8
11 0 1 0 13
7 8 2 10 7
14 0 6 2 1
1 4 0 11 8
4 7 21 2 3
15 13 4 1 8
7 6 18 4 0
0 42 0 0 16
1 4 10 25 22
4 4 25 7 4
6 6 5 2 7
15 5 38 3 18
0 10 0 7 9
2 14 6 23 10
2 5 17 4 14
1 8 2 0 1
1 9 3 1 12
5 7 3 2 11
4 1 2 1 1
22 5 23 12 15
8 42 9 4 30
5 20 6 2 25
48 20 5 24 0
0 8 0 0 2
9 8 10 1 2
14 5 14 5 8
6 7 1 1 0
5 7 6 1 0
7 3 12 0 16
2 1 0 31 12
7 9 20 2 0
8 8 8 29 33
3 7 4 29 23
11 2 23 17 13
0 40 9 1 1
6 0 12 2 8
5 9 6 9 2
11 31 9 9 2
1 1 0 0 37
14 29 26 10 18
16 14 3 2 8
4 18 9 2 45
3 2 7 13 6
0 1 12 3 13
11 13 4 18 14
33 0 16 6 2
9 3 6 1 15
4 3 7 2 7
2 3 5 8 10
28 19 0 1 4
17 6 6 6 3
15 9 15 6 23
7 8 19 1 4
28 1 10 5 2
14 1 30 12 11
2 12 2 0 3
0 4 57 26 6
8 2 6 21 2
1 5 4 0 7
30 31 6 1 26
18 6 8 0 4
0 16 3 10 19
0 11 18 4 10
20 0 1 8 0
18 15 9 22 2
5 14 1 12 6
42 5 25 4 1
13 4 4 14 6
11 9 3 9 1
14 2 3 1 32
15 0 2 2 3
7 17 17 5 22
14 0 5 5 3
3 4 13 12 10
16 7 12 5 7
9 2 32 7 32
0 0 5 11 9
21 6 6 13 9
18 5 3 4 16
1 3 10 2 0
13 8 9 22 21
3 16 0 15 2
33 5 21 6 0
1 6 4 4 8
5 0 5 0 3
3 2 3 8 8
5 45 5 4 51
4 19 0 7 3
26 4 2 0 4
1 16 8 11 3
0 1 24 3 2
28 8 10 5 8
2 2 21 5 5
7 15 4 26 2
0 1 11 5 4
12 1 5 15 45
0 5 6 5 27
9 1 1 5 5
28 1 2 33 7
8 7 14 6 0
0 25 5 13 12
9 3 12 0 6
15 14 13 18 10
1 15 5 3 7
17 0 9 0 4
0 9 12 14 2
1 3 46 5 4
5 2 6 2 0
4 11 4 8 3
34 8 3 0 1
8 9 2 6 15
10 10 0 0 1
36 7 8 3 7
0 10 0 2 1
5 5 4 1 4
31 11 4 0 26
11 6 4 15 7
19 8 3 1 0
3 14 4 3 0
3 21 7 16 0
1 25 5 3 8
21 14 6 13 6
12 11 0 6 40
3 14 0 27 57
0 4 1 1 3
0 11 0 0 9
23 3 3 2 24
2 3 5 3 5
2 17 13 5 5
9 16 8 6 10
6 22 13 5 0
21 4 0 1 3
3 6 8 7 17
3 0 18 1 6
2 0 5 15 7
17 1 7 3 1
15 3 17 4 0
3 11 13 10 12
5 19 0 1 0
3 27 12 13 1
7 4 11 20 3
0 3 4 15 24
1 4 1 1 4
0 2 12 8 6
1 2 1 6 3
15 1 10 25 6
2 11 0 20 2
4 5 6 3 1
5 10 19 3 8
5 43 14 5 6
13 10 27 4 0
2 4 9 18 19
6 4 1 3 18
9 0 4 1 17
15 11 0 3 5
1 17 5 9 7
0 10 32 1 4
2 6 29 4 1
16 12 15 3 8
5 12 3 6 1
14 0 8 1 10
34 0 9 0 8
4 7 3 7 5
6 21 3 5 9
0 6 13 18 9
4 5 6 1 12
9 24 2 3 0
43 1 14 13 1
5 9 11 13 0
33 0 4 7 2
0 15 17 1 26
23 2 7 6 8
11 7 0 7 3
9 3 6 5 9
2 2 4 8 4
1 2 3 5 5
0 1 7 0 16
16 0 9 3 14
11 52 1 8 1
1 12 0 4 2
0 0 5 11 8
4 1 19 1 19
9 39 22 13 7
2 7 7 0 0
18 18 2 0 5
14 30 4 35 4
3 0 30 1 0
10 0 8 9 6
17 7 11 0 0
1 2 8 0 6
16 5 17 24 10
16 2 0 0 10
0 1 1 14 4
9 0 19 3 27
20 1 0 8 2
0 22 10 4 17
11 4 2 6 1
27 17 12 9 4
53 4 17 12 9
15 8 12 24 7
27 1 8 0 1
4 3 12 1 4
30 21 3 18 14
16 7 16 1 15
1 17 4 0 8
9 12 12 1 5
1 2 15 28 4
1 3 21 8 16
0 2 14 16 17
23 46 5 0 4
1 9 13 13 6
13 10 16 5 12
11 14 2 13 7
2 20 12 5 47
0 2 10 0 27
3 32 20 5 1
3 4 5 2 5
32 0 8 23 5
0 7 21 4 8
20 5 11 7 4
7 3 21 18 5
3 2 7 19 6
28 0 19 0 0
0 16 18 13 9
14 4 5 26 5
10 9 7 17 24
2 4 14 0 0
13 4 15 3 16
7 0 0 22 7
19 2 0 11 6
9 4 20 9 0
5 2 6 7 15
21 12 6 5 5
6 1 2 13 2
7 8 0 0 1
27 41 12 2 2
11 10 1 2 0
13 5 14 4 6
6 7 5 25 2
16 11 22 1 5
30 5 2 2 25
10 28 3 2 1
1 6 18 0 11
19 19 5 11 5
6 0 3 5 1
33 11 0 2 16
3 4 19 12 2
6 22 0 0 1
3 9 4 3 20
4 6 16 8 11
11 26 1 1 1
10 3 1 17 0
21 3 0 18 8
9 12 29 4 9
0 2 7 2 6
25 13 19 11 0
13 11 13 6 10
4 37 9 11 2
6 0 2 6 2
31 5 1 2 0
0 8 10 0 10
17 15 12 7 1
0 10 9 4 2
2 12 15 1 14
12 14 5 7 0
8 1 27 7 2
2 6 2 22 1
1 5 15 4 1
14 0 14 0 9
3 67 4 65 5
5 6 3 16 1
0 3 1 3 9
1 2 3 5 7
2 2 0 11 5
3 7 16 4 2
4 2 3 14 21
0 5 3 16 19
5 0 1 32 3
4 18 8 1 10
5 15 2 22 27
0 0 4 17 5
22 7 10 5 2
5 2 0 8 4
1 1 25 2 36
25 28 6 7 7
1 0 2 3 14
47 3 9 1 19
6 0 6 0 4
29 8 13 1 9
0 25 0 3 12
11 13 15 5 0
4 13 2 8 25
5 16 0 3 14
6 8 12 2 14
6 18 1 6 5
23 14 34 1 6
8 11 2 2 1
1 17 8 5 47
0 29 2 3 9
1 4 5 4 0
12 2 7 0 5
1 20 0 3 2
9 32 0 5 8
1 10 15 5 2
20 3 0 6 11
9 4 18 16 10
6 22 28 21 0
2 6 10 26 2
4 1 2 34 25
1 2 6 11 19
7 19 1 18 22
2 24 7 1 32
16 0 7 15 3
24 8 2 3 10
6 0 1 5 1
9 6 7 17 3
10 3 8 5 0
2 2 8 1 10
7 13 1 1 21
0 0 10 2 4
7 1 23 19 7
27 6 18 21 5
3 3 15 1 14
1 0 4 12 1
13 3 21 7 4
13 22 45 1 3
7 8 14 2 17
11 2 0 3 3
2 0 9 7 31
4 2 9 1 46
1 10 12 5 21
1 2 3 10 51
1 1 0 2 24
5 8 0 7 7
6 8 27 2 1
11 8 13 17 3
4 3 18 10 3
18 1 0 10 19
16 1 26 11 0
8 7 13 5 4
4 5 28 19 22
1 25 1 5 12
15 13 15 6 3
3 3 7 0 3
1 1 15 8 18
0 7 5 8 5
6 5 6 2 7
3 13 12 13 4
5 4 3 17 1
6 16 43 7 14
8 3 0 3 4
8 4 9 2 0
24 0 24 17 20
1 0 8 4 0
3 29 6 4 1
2 2 14 21 4
5 23 5 3 0
4 25 37 12 0
8 1 5 16 0
1 6 47 2 8
13 5 8 0 20
7 8 23 4 7
13 14 2 2 57
1 1 6 9 2
37 10 18 9 30
2 15 9 3 4
4 1 0 49 11
3 10 31 4 8
12 0 3 0 32
4 22 3 12 4
9 6 1 5 2
8 4 6 8 4
8 8 10 3 0
5 16 9 3 28
13 25 29 1 4
10 9 14 21 10
23 76 8 17 5
1 12 26 9 4
21 8 0 7 24
2 3 3 43 17
3 11 15 6 32
2 4 16 1 12
1 1 0 9 3
9 2 9 1 0
10 5 5 21 3
0 20 10 3 4
4 2 32 4 6
12 21 2 6 3
1 46 6 3 7
10 3 6 4 6
0 25 4 1 27
2 10 2 7 7
6 25 2 3 11
14 22 6 5 17
7 14 4 6 7
41 0 11 9 2
6 14 18 13 3
1 3 13 7 2
3 0 11 0 16
7 9 0 9 1
2 17 10 12 12
5 2 1 1 7
47 28 1 13 2
4 0 9 22 19
47 43 2 4 1
9 6 0 3 14
1 3 2 18 3
60 1 5 8 18
2 10 19 1 16
4 17 4 3 6
10 8 30 30 9
25 7 8 4 16
22 19 5 10 2
29 19 10 4 10
7 4 4 10 38
11 3 27 2 1
3 7 2 4 11
21 6 36 14 14
14 8 20 20 16
39 11 22 9 4
4 23 18 7 11
25 17 11 3 12
9 2 14 19 2
4 16 2 5 0
9 22 14 3 32
7 9 0 3 1
11 22 4 10 18
4 4 7 0 8
0 2 3 5 4
10 13 3 12 18
9 2 8 5 1
24 0 0 4 4
13 1 6 32 5
1 1 39 10 6
27 1 11 5 1
10 4 9 15 2
14 8 1 0 9
19 15 10 19 13
23 6 4 4 9
7 10 4 7 11
2 7 16 12 2
36 0 28 1 23
26 15 9 11 6
2 20 3 4 18
2 3 0 38 1
5 4 6 6 8
15 2 0 6 2
17 12 22 0 1
7 13 10 17 13
8 7 6 1 0
4 3 36 5 17
3 8 4 1 43
11 8 9 6 2
19 6 7 17 8
9 13 12 9 2
2 7 4 3 3
3 0 0 1 0
24 2 1 1 2
1 12 2 9 4
3 2 7 2 6
1 10 14 16 9
0 3 2 7 3
23 0 3 1 4
9 2 8 0 2
1 14 0 10 6
0 16 18 20 7
44 17 1 0 5
4 1 4 5 12
2 2 8 7 13
3 5 0 11 16
21 5 2 1 2
11 5 11 12 10
10 13 22 25 1
3 17 6 3 17
24 1 0 1 1
2 5 4 11 0
8 8 15 15 5
0 8 6 13 11
4 1 14 20 7
14 1 17 9 11
0 4 4 4 6
4 0 8 3 12
4 3 1 0 6
21 4 11 8 6
0 0 4 0 8
7 12 11 18 50
13 28 20 7 2
1 2 8 31 18
5 22 1 12 4
6 0 2 1 2
2 28 51 1 4
2 1 1 13 2
24 13 1 4 4
1 20 0 5 6
1 11 3 11 33
12 20 4 7 14
4 1 5 4 15
4 11 8 13 5
4 19 6 3 11
2 13 4 3 1
6 4 22 2 6
6 10 5 2 3
22 17 10 9 3
0 0 0 15 7
13 1 25 10 3
44 21 4 1 4
15 7 1 12 1
0 17 17 2 6
7 29 6 1 3
24 20 1 11 8
12 3 18 4 5
4 37 16 7 11
21 6 9 8 3
8 5 12 6 5
1 4 4 5 6
4 40 5 3 11
1 30 0 9 4
8 1 10 16 0
3 13 1 5 10
1 4 1 11 14
6 40 10 15 1
2 16 5 15 4
7 3 2 8 11
4 2 1 4 12
14 7 30 33 3
7 5 12 10 21
3 4 8 6 1
0 39 12 0 7
16 3 15 10 5
42 8 12 5 0
12 8 11 7 4
18 46 4 3 2
6 16 66 3 5
6 1 6 4 5
0 2 0 8 32
1 4 2 18 3
23 18 4 4 10
0 5 0 4 6
1 26 27 32 4
6 0 6 0 6
0 7 0 3 0
19 12 5 2 27
6 19 0 21 2
9 13 8 12 3
6 3 5 2 0
18 13 23 25 0
2 15 26 7 18
7 4 33 0 2
3 15 7 29 0
4 3 2 1 1
7 5 1 3 8
5 3 12 1 25
28 6 21 21 3
13 13 5 4 2
5 8 14 2 33
4 1 13 7 3
0 10 2 29 35
5 9 6 14 1
10 5 10 5 25
1 3 4 5 15
0 8 3 1 9
6 1 1 11 5
17 8 6 9 1
0 32 7 16 1
18 4 5 4 3
2 18 3 11 0
8 14 1 0 12
22 28 0 10 2
0 8 20 15 1
14 8 7 10 4
13 8 0 25 19
15 4 5 5 34
7 13 21 2 8
8 7 3 3 13
4 18 5 9 16
4 6 13 0 19
6 2 5 4 9
3 8 5 15 3
24 5 2 3 1
6 9 3 3 25
6 5 1 2 0
16 2 21 14 3
14 16 21 14 14
42 19 24 31 4
9 20 13 9 13
20 13 20 12 2
5 5 1 4 29
12 17 3 9 34
7 7 4 26 7
2 32 2 3 10
9 5 5 12 20
4 1 9 3 1
13 2 11 11 0
3 5 18 5 4
13 6 10 1 4
50 35 1 2 2
2 8 20 32 2
5 18 31 26 6
6 4 18 0 32
1 4 6 12 8
31 2 0 33 3
2 4 11 0
